    40.000      0.000      0.000      0.000      0.000      1.000      0.000      2.000 11617002199.
    40.000      0.000      0.000      0.000      0.000      1.000      0.000      2.000 11616864430.
     0.000      0.000      0.000      0.000      0.000      1.000      0.000      2.000 11616712445.
    60.000      0.000      0.000      0.000      0.000      1.000      0.000      2.000 11616671212.
    20.000      0.000      0.000      0.000      0.000      1.000      0.000      2.000 11616208935.
     0.000     35.000     10.000     10.000      0.000      1.000      0.000      2.000 11616004629.
     0.000      0.000      0.000      0.000      0.000      1.000      0.000      2.000 11615605880.
     5.000     10.000      0.000      0.000      0.000      1.000      0.000      2.000 11615376925.
    45.000      0.000      0.000      0.000      0.000      1.000      0.000      2.000 11615195849.
     0.000      0.000     70.000     40.000      0.000      0.000      1.000      3.000 11614973789.
     0.000      0.000      0.000      0.000      0.000      1.000      0.000      2.000 11614878012.
     5.000      0.000      0.000      0.000      0.000      1.000      0.000      2.000 11614824009.
    25.000      0.000      0.000      0.000      0.000      1.000      0.000      2.000 11614748674.
    60.000      0.000      0.000      0.000      0.000      1.000      0.000      2.000 11614738060.
     0.000      0.000      0.000      0.000      0.000      1.000      0.000      2.000 11614731122.
    20.000      0.000      0.000      0.000      0.000      1.000      0.000      2.000 11613913112.
     0.000      0.000      0.000      0.000      0.000      1.000      0.000      2.000 11613746552.
     0.000      0.000      0.000      0.000      0.000      1.000      0.000      2.000 11613704736.
     0.000      0.000      0.000      0.000      0.000      1.000      0.000      2.000 11613635371.
     0.000      0.000      0.000      0.000      0.000      1.000      0.000      2.000 11613581779.
     0.000      0.000      0.000      0.000      0.000      1.000      0.000      2.000 11613538017.
     0.000      0.000      0.000      0.000      0.000      1.000      0.000      2.000 11613463098.
     0.000      0.000      0.000      0.000      0.000      1.000      0.000      2.000 11613432440.
    60.000      0.000      0.000      0.000      0.000      1.000      0.000      2.000 11613342926.
     0.000      0.000      0.000      0.000      0.000      1.000      0.000      2.000 11613273663.
     0.000      0.000      0.000      0.000      0.000      1.000      0.000      2.000 11613259395.
     0.000      0.000      0.000      0.000      0.000      1.000      0.000      2.000 11613148382.
     0.000     40.000      0.000      0.000      0.000      1.000      0.000      2.000 11613142060.
    20.000      0.000      0.000      0.000      0.000      1.000      0.000      2.000 11613078697.
    10.000      0.000      0.000      0.000      0.000      1.000      0.000      2.000 11612590794.
     0.000      0.000      0.000      0.000      0.000      1.000      0.000      2.000 11612589111.
     0.000      0.000      0.000      0.000      0.000      1.000      0.000      2.000 11612500986.
     0.000      0.000      0.000      0.000      0.000      1.000      0.000      2.000 11612436207.
     0.000      0.000      0.000      0.000      0.000      1.000      0.000      2.000 11612323072.
     0.000      0.000      0.000      0.000      0.000      1.000      0.000      2.000 11612301200.
     0.000      0.000      0.000      0.000      0.000      1.000      0.000      2.000 11612275048.
     0.000      0.000      0.000      0.000      0.000      1.000      0.000      2.000 11611803622.
     0.000      0.000      0.000      0.000      0.000      1.000      0.000      2.000 11611727565.
     0.000      0.000      0.000      0.000      0.000      1.000      0.000      2.000 11611723723.
    70.000      0.000      0.000      0.000      0.000      1.000      0.000      2.000 11611325390.
     0.000      0.000      0.000      0.000      0.000      1.000      0.000      2.000 11611321273.
     0.000      0.000      0.000      0.000      0.000      1.000      0.000      2.000 11611273727.
    45.000      0.000      0.000      0.000      0.000      1.000      0.000      2.000 11611271593.
     0.000      0.000      0.000      0.000      0.000      1.000      0.000      2.000 11611271052.
    20.000      0.000      0.000      0.000      0.000      1.000      0.000      2.000 11611265179.
     0.000      0.000      0.000     30.000      0.000      1.000      0.000      2.000 11611231851.
     0.000      0.000      0.000      0.000      0.000      1.000      0.000      2.000 11611230665.
    20.000      0.000      0.000      0.000      0.000      1.000      0.000      2.000 11611110503.
     0.000      0.000      0.000     15.000      0.000      1.000      0.000      2.000 11610991053.
     0.000      0.000      0.000      0.000      0.000      1.000      0.000      2.000 11610963389.
   120.000      0.000      0.000      0.000      0.000      1.000      0.000      2.000 11610888323.
     0.000      0.000      0.000      0.000      0.000      1.000      0.000      2.000 11610856476.
     0.000      0.000      0.000      0.000      0.000      1.000      0.000      2.000 11610833994.
    35.000      0.000      0.000      0.000      0.000      1.000      0.000      2.000 11610803071.
    10.000      0.000      0.000     20.000      0.000      1.000      0.000      2.000 11610734288.
    42.000      0.000      0.000      0.000      0.000      1.000      0.000      2.000 11610658672.
    15.000    150.000     30.000      0.000      0.000      0.000      1.000      3.000 11610591106.
     0.000      0.000      0.000      0.000      0.000      1.000      0.000      2.000 11610571050.
    60.000      0.000      0.000      0.000      0.000      1.000      0.000      2.000 11610462211.
     0.000      0.000      0.000      0.000      0.000      1.000      0.000      2.000 11610386385.
     0.000      0.000      0.000      0.000      0.000      1.000      0.000      2.000 11610362636.
    30.000     45.000      0.000      0.000      0.000      1.000      0.000      2.000 11610300799.
     0.000      0.000      0.000      0.000      0.000      1.000      0.000      2.000 11610287931.
     0.000      0.000      0.000      0.000      0.000      1.000      0.000      2.000 11610275224.
     0.000      0.000      0.000      0.000      0.000      1.000      0.000      2.000 11610272066.
     5.000      0.000      0.000      0.000      0.000      1.000      0.000      2.000 11610175542.
    15.000      0.000     20.000      0.000      0.000      1.000      0.000      2.000 11610130615.
     0.000      0.000      0.000      0.000      0.000      1.000      0.000      2.000 11610087215.
     0.000      0.000      0.000      0.000      0.000      1.000      0.000      2.000 11610079752.
    30.000      0.000      0.000      0.000      0.000      1.000      0.000      2.000 11610033071.
     0.000      0.000      0.000      0.000      0.000      1.000      0.000      2.000 11609997324.
     0.000      0.000      0.000      0.000      0.000      1.000      0.000      2.000 11609939114.
    25.000      0.000     30.000      0.000      0.000      0.008      0.992      3.000 11609904245.
     0.000      0.000      0.000      0.000      0.000      1.000      0.000      2.000 11609898262.
    15.000     55.000      0.000      0.000      0.000      1.000      0.000      2.000 11609881760.
     0.000      0.000      0.000      0.000      0.000      1.000      0.000      2.000 11609878217.
     0.000      0.000      0.000      0.000      0.000      1.000      0.000      2.000 11609870453.
    30.000      0.000      0.000      0.000      0.000      1.000      0.000      2.000 11609856813.
     0.000      0.000      0.000      0.000      0.000      1.000      0.000      2.000 11609778118.
     0.000      0.000      0.000      0.000      0.000      1.000      0.000      2.000 11609581003.
     0.000      0.000     20.000      0.000      0.000      1.000      0.000      2.000 11609518422.
    15.000      0.000      0.000      0.000      0.000      1.000      0.000      2.000 11609505372.
     0.000     75.000      0.000      0.000      0.000      1.000      0.000      2.000 11609290782.
     0.000      0.000      0.000      0.000      0.000      1.000      0.000      2.000 11609265886.
    30.000      0.000      0.000      0.000      0.000      1.000      0.000      2.000 11609234827.
    15.000     40.000      0.000      0.000      0.000      1.000      0.000      2.000 11609214816.
     3.000      0.000      0.000      0.000      0.000      1.000      0.000      2.000 11609199065.
    30.000      0.000     40.000     40.000      0.000      0.000      1.000      3.000 11609158069.
     0.000      0.000      0.000      0.000      0.000      1.000      0.000      2.000 11609111735.
     0.000      6.000      0.000      0.000      0.000      1.000      0.000      2.000 11609109268.
     0.000      0.000      0.000      0.000      0.000      1.000      0.000      2.000 11609092661.
    20.000      0.000      0.000      0.000      0.000      1.000      0.000      2.000 11609057863.
     0.000      0.000      0.000      0.000      0.000      1.000      0.000      2.000 11609050107.
    15.000      0.000     40.000     25.000      0.000      0.000      1.000      3.000 11609007549.
     0.000      0.000      0.000      0.000      0.000      1.000      0.000      2.000 11608981952.
     0.000      0.000      0.000      0.000      0.000      1.000      0.000      2.000 11608959360.
    45.000      0.000      0.000      0.000      0.000      1.000      0.000      2.000 11608949557.
    10.000     10.000     20.000      0.000      0.000      1.000      0.000      2.000 11608896040.
    30.000      0.000     40.000     40.000      0.000      0.000      1.000      3.000 11608885273.
     0.000      0.000      0.000      0.000      0.000      1.000      0.000      2.000 11608884369.
    90.000      0.000      0.000      0.000      0.000      1.000      0.000      2.000 11608858923.
     0.000      0.000      0.000      0.000      0.000      1.000      0.000      2.000 11608836138.
   300.000      0.000      0.000      0.000      0.000      1.000      0.000      2.000 11608827363.
    30.000      0.000      0.000      0.000      0.000      1.000      0.000      2.000 11608813406.
    30.000      0.000      0.000      0.000      0.000      1.000      0.000      2.000 11608775488.
     0.000     25.000     10.000      0.000      0.000      1.000      0.000      2.000 11608759796.
     0.000      0.000      0.000      0.000      0.000      1.000      0.000      2.000 11608560206.
    30.000      0.000      0.000      0.000      0.000      1.000      0.000      2.000 11608377082.
    25.000      0.000      0.000      0.000      0.000      1.000      0.000      2.000 11608304440.
    15.000      0.000      0.000      0.000      0.000      1.000      0.000      2.000 11608231620.
    30.000     75.000     30.000      0.000      0.000      0.001      0.999      3.000 11608201239.
    60.000      0.000      0.000      0.000      0.000      1.000      0.000      2.000 11608154945.
     0.000      0.000      0.000      0.000      0.000      1.000      0.000      2.000 11608089077.
    14.000      0.000      0.000      0.000      0.000      1.000      0.000      2.000 11608043219.
     0.000      0.000     35.000      0.000      0.000      0.000      1.000      3.000 11608039100.
     0.000      0.000      0.000      0.000      0.000      1.000      0.000      2.000 11608035143.
    40.000      0.000      0.000      0.000      0.000      1.000      0.000      2.000 11608023650.
     2.000      3.000      1.000      0.000      0.000      1.000      0.000      2.000 11607955986.
     7.000      0.000      0.000      0.000      0.000      1.000      0.000      2.000 11607928466.
     2.000      0.000      0.000      0.000      0.000      1.000      0.000      2.000 11607918883.
     0.000      8.000      0.000      0.000      0.000      1.000      0.000      2.000 11607854892.
     0.000      5.000      0.000      1.000      0.000      1.000      0.000      2.000 11607791230.
    30.000      0.000      0.000      0.000      0.000      1.000      0.000      2.000 11607700596.
     0.000      2.000      0.000      0.000      0.000      1.000      0.000      2.000 11607622657.
     0.000      0.000      0.000      0.000      0.000      1.000      0.000      2.000 11607612525.
     2.000      0.000      0.000      3.000      0.000      1.000      0.000      2.000 11607589369.
     0.000      0.000      0.000      0.000      0.000      1.000      0.000      2.000 11607582155.
    20.000     70.000     35.000     20.000      0.000      0.000      1.000      3.000 11607545246.
     2.000      0.000      0.000      0.000      0.000      1.000      0.000      2.000 11607498794.
    30.000      0.000      0.000      0.000      0.000      1.000      0.000      2.000 11607469993.
     0.000      2.000      0.000      1.000      0.000      1.000      0.000      2.000 11607464996.
     0.000     60.000      0.000     20.000      0.000      1.000      0.000      2.000 11607461863.
     0.000      0.000      0.000      0.000      0.000      1.000      0.000      2.000 11607445556.
    15.000      0.000      0.000      0.000      0.000      1.000      0.000      2.000 11607432950.
    40.000      0.000      0.000      0.000      0.000      1.000      0.000      2.000 11607432099.
     0.000    230.000      0.000      0.000      0.000      1.000      0.000      2.000 11607431565.
    20.000      0.000     18.000      0.000      0.000      1.000      0.000      2.000 11607423287.
     0.000      0.000      0.000      0.000      0.000      1.000      0.000      2.000 11607412054.
     0.000      0.000      0.000      0.000      0.000      1.000      0.000      2.000 11607408661.
    35.000      0.000      0.000      0.000      0.000      1.000      0.000      2.000 11607406682.
     0.000      0.000      0.000      0.000      0.000      1.000      0.000      2.000 11607401983.
     0.000      2.000      0.000      0.000      0.000      1.000      0.000      2.000 11607383379.
     0.000    100.000     50.000      0.000      0.000      0.000      1.000      3.000 11607380106.
     0.000      0.000      0.000      0.000      0.000      1.000      0.000      2.000 11607372417.
    10.000      0.000      0.000     10.000      0.000      1.000      0.000      2.000 11607363338.
    60.000      0.000     99.000     54.000      0.000      0.000      1.000      3.000 11607357666.
    30.000    150.000      0.000      0.000      0.000      1.000      0.000      2.000 11607324665.
     0.000      0.000      0.000      0.000      0.000      1.000      0.000      2.000 11607320422.
    20.000     60.000      0.000      0.000      0.000      1.000      0.000      2.000 11607320279.
     0.000      0.000      0.000      0.000      0.000      1.000      0.000      2.000 11607320079.
     0.000    165.000     60.000      0.000      0.000      0.000      1.000      3.000 11607319714.
     0.000     10.000      0.000      0.000      0.000      1.000      0.000      2.000 11607315716.
     0.000      0.000      0.000      0.000      0.000      1.000      0.000      2.000 11607315678.
     0.000      0.000      0.000      0.000      0.000      1.000      0.000      2.000 11607312051.
     5.000     18.000      5.000      5.000      0.000      1.000      0.000      2.000 11607300561.
    10.000      0.000      0.000      0.000      0.000      1.000      0.000      2.000 11607300332.
     0.000      0.000      0.000      0.000      0.000      1.000      0.000      2.000 11607259345.
    20.000      0.000     20.000     20.000      0.000      0.980      0.020      2.000 11607255621.
   160.000      0.000    345.000      0.000      1.000      0.000      0.000      1.000 11607254057.
    40.000      0.000      0.000      0.000      0.000      1.000      0.000      2.000 11607251508.
    30.000      0.000      0.000      0.000      0.000      1.000      0.000      2.000 11607251238.
     0.000      0.000      0.000      0.000      0.000      1.000      0.000      2.000 11607249760.
    40.000     20.000      0.000      0.000      0.000      1.000      0.000      2.000 11607241551.
     3.000      2.000      4.000      3.000      0.000      1.000      0.000      2.000 11607219744.
     0.000      3.000      3.000      0.000      0.000      1.000      0.000      2.000 11607207746.
    10.000      0.000      0.000      0.000      0.000      1.000      0.000      2.000 11607194934.
    45.000      0.000      0.000      0.000      0.000      1.000      0.000      2.000 11607181753.
     0.000      0.000      0.000      0.000      0.000      1.000      0.000      2.000 11607169139.
     0.000    120.000      0.000     35.000      0.000      1.000      0.000      2.000 11607116124.
    45.000      0.000      0.000      0.000      0.000      1.000      0.000      2.000 11607110129.
     0.000      0.000      0.000      0.000      0.000      1.000      0.000      2.000 11607080203.
     0.000      0.000      0.000      7.000      0.000      1.000      0.000      2.000 11607061501.
    45.000      0.000      0.000      0.000      0.000      1.000      0.000      2.000 11607028938.
     0.000     15.000     40.000      0.000      0.000      0.000      1.000      3.000 11607005537.
    10.000      0.000      0.000      0.000      0.000      1.000      0.000      2.000 11606980994.
   180.000      0.000      0.000      0.000      0.000      1.000      0.000      2.000 11606980587.
    20.000      0.000      0.000      0.000      0.000      1.000      0.000      2.000 11606967790.
     0.000      5.000      0.000      1.000      0.000      1.000      0.000      2.000 11606963450.
     0.000      5.000      0.000      0.000      0.000      1.000      0.000      2.000 11606961035.
     0.000      0.000      0.000      0.000      0.000      1.000      0.000      2.000 11606947159.
     0.000      0.000      0.000      0.000      0.000      1.000      0.000      2.000 11606945740.
     0.000     28.000      0.000      0.000      0.000      1.000      0.000      2.000 11606945542.
    60.000      0.000      0.000      0.000      0.000      1.000      0.000      2.000 11606929839.
    40.000      0.000      0.000      0.000      0.000      1.000      0.000      2.000 11606925865.
    60.000      0.000      0.000      0.000      0.000      1.000      0.000      2.000 11606874584.
    40.000      0.000      0.000      0.000      0.000      1.000      0.000      2.000 11606871149.
     0.000      0.000      0.000      0.000      0.000      1.000      0.000      2.000 11606838704.
     4.000     10.000      5.000      5.000      0.000      1.000      0.000      2.000 11606821384.
    35.000    130.000      0.000     15.000      0.000      1.000      0.000      2.000 11606745799.
    31.000      2.000      0.000      0.000      0.000      1.000      0.000      2.000 11606727400.
     0.000     14.000      4.000      7.000      0.000      1.000      0.000      2.000 11606722075.
     0.000      0.000      0.000      0.000      0.000      1.000      0.000      2.000 11606694332.
     1.000      6.000      1.000      1.000      0.000      1.000      0.000      2.000 11606660432.
     0.000     90.000     30.000     45.000      0.000      0.000      1.000      3.000 11606653326.
     0.000      0.000      0.000      0.000      0.000      1.000      0.000      2.000 11606635492.
     0.000      0.000      0.000      0.000      0.000      1.000      0.000      2.000 11606525876.
    20.000      0.000      0.000      0.000      0.000      1.000      0.000      2.000 11606425949.
     0.000      0.000      0.000      0.000      0.000      1.000      0.000      2.000 11606388447.
    15.000      0.000      0.000      0.000      0.000      1.000      0.000      2.000 11606310230.
     0.000      0.000      0.000      0.000      0.000      1.000      0.000      2.000 11606181184.
     0.000      0.000      0.000      0.000      0.000      1.000      0.000      2.000 11606095173.
     0.000      0.000      0.000      0.000      0.000      1.000      0.000      2.000 11606079083.
     0.000      0.000      0.000      0.000      0.000      1.000      0.000      2.000 11606059059.
     0.000      0.000      0.000      0.000      0.000      1.000      0.000      2.000 11606056529.
    10.000      0.000      0.000      0.000      0.000      1.000      0.000      2.000 11606047734.
    10.000      0.000      0.000      0.000      0.000      1.000      0.000      2.000 11606019374.
     5.000      2.000      0.000      0.000      0.000      1.000      0.000      2.000 11605959951.
    20.000     60.000     25.000     30.000      0.000      0.002      0.998      3.000 11605915853.
    20.000      0.000      0.000      0.000      0.000      1.000      0.000      2.000 11605912061.
    15.000      0.000      0.000      0.000      0.000      1.000      0.000      2.000 11605890481.
     0.000      0.000      0.000      0.000      0.000      1.000      0.000      2.000 11605867153.
     0.000      5.000      0.000      5.000      0.000      1.000      0.000      2.000 11605793843.
    50.000      0.000     55.000      0.000      0.000      0.000      1.000      3.000 11605736879.
     5.000      0.000      0.000      0.000      0.000      1.000      0.000      2.000 11605637286.
     8.000     13.000      0.000     10.000      0.000      1.000      0.000      2.000 11605609518.
     0.000      0.000      0.000      0.000      0.000      1.000      0.000      2.000 11605595697.
     0.000      0.000      0.000      5.000      0.000      1.000      0.000      2.000 11605530812.
     0.000      0.000      0.000      0.000      0.000      1.000      0.000      2.000 11605526906.
     0.000      0.000      0.000      0.000      0.000      1.000      0.000      2.000 11605403718.
     0.000     20.000      0.000      0.000      0.000      1.000      0.000      2.000 11605349074.
    25.000      0.000      0.000      0.000      0.000      1.000      0.000      2.000 11605335526.
     0.000      7.000     15.000      0.000      0.000      1.000      0.000      2.000 11605333758.
    35.000      0.000     20.000      0.000      0.000      1.000      0.000      2.000 11605279136.
    13.000      0.000      0.000      0.000      0.000      1.000      0.000      2.000 11605271163.
     5.000     15.000      0.000      0.000      0.000      1.000      0.000      2.000 11605236993.
    30.000      0.000     45.000     45.000      0.000      0.000      1.000      3.000 11605227680.
    60.000      0.000      0.000      0.000      0.000      1.000      0.000      2.000 11605221671.
     0.000      5.000      4.000      0.000      0.000      1.000      0.000      2.000 11605132339.
     0.000      0.000      0.000      0.000      0.000      1.000      0.000      2.000 11605110370.
     0.000      8.000      0.000      0.000      0.000      1.000      0.000      2.000 11605074266.
     0.000      0.000      0.000      0.000      0.000      1.000      0.000      2.000 11605064273.
    30.000      0.000      0.000     40.000      0.000      1.000      0.000      2.000 11604948177.
     0.000      0.000      0.000      0.000      0.000      1.000      0.000      2.000 11604942694.
    10.000      0.000      0.000      0.000      0.000      1.000      0.000      2.000 11604936211.
     0.000      0.000      0.000      0.000      0.000      1.000      0.000      2.000 11604917827.
     0.000      0.000      0.000      0.000      0.000      1.000      0.000      2.000 11604898772.
     0.000      0.000      0.000      0.000      0.000      1.000      0.000      2.000 11604881878.
     0.000      0.000      0.000      0.000      0.000      1.000      0.000      2.000 11604881846.
    20.000      0.000      0.000      0.000      0.000      1.000      0.000      2.000 11604788234.
     0.000      7.000      0.000      2.000      0.000      1.000      0.000      2.000 11604730268.
    15.000      0.000      0.000      0.000      0.000      1.000      0.000      2.000 11604717295.
     0.000      0.000      0.000      0.000      0.000      1.000      0.000      2.000 11604716373.
    60.000     10.000      0.000     60.000      0.000      1.000      0.000      2.000 11604667869.
     3.000      1.000      0.000      0.000      0.000      1.000      0.000      2.000 11604646001.
     0.000      0.000      0.000      0.000      0.000      1.000      0.000      2.000 11604622211.
     0.000      0.000      0.000      0.000      0.000      1.000      0.000      2.000 11604459499.
    15.000      0.000      0.000      0.000      0.000      1.000      0.000      2.000 11604406991.
     0.000      3.000      0.000      0.000      0.000      1.000      0.000      2.000 11604378473.
     1.000      3.000      0.000      0.000      0.000      1.000      0.000      2.000 11604374168.
     0.000      0.000      0.000      0.000      0.000      1.000      0.000      2.000 11604362091.
    55.000    140.000      0.000      0.000      0.000      1.000      0.000      2.000 11604284971.
     0.000      0.000      0.000      0.000      0.000      1.000      0.000      2.000 11604149400.
    33.000     20.000      0.000      0.000      0.000      1.000      0.000      2.000 11604101120.
     0.000      2.000      0.000      0.000      0.000      1.000      0.000      2.000 11604051268.
    45.000     55.000      0.000      0.000      0.000      1.000      0.000      2.000 11603994443.
     0.000      0.000      0.000      0.000      0.000      1.000      0.000      2.000 11603989380.
     0.000     30.000      0.000      0.000      0.000      1.000      0.000      2.000 11603961611.
    15.000      0.000      0.000      0.000      0.000      1.000      0.000      2.000 11603960431.
   150.000      0.000      0.000      0.000      0.000      1.000      0.000      2.000 11603958059.
     0.000    100.000     15.000     20.000      0.000      1.000      0.000      2.000 11603937810.
     0.000     12.000      0.000      0.000      0.000      1.000      0.000      2.000 11603889659.
    15.000      0.000      0.000      0.000      0.000      1.000      0.000      2.000 11603849315.
     0.000      0.000      0.000      0.000      0.000      1.000      0.000      2.000 11603841689.
     0.000      0.000      0.000     45.000      0.000      1.000      0.000      2.000 11603840243.
    10.000      0.000      0.000      0.000      0.000      1.000      0.000      2.000 11603822153.
     0.000      0.000      0.000      0.000      0.000      1.000      0.000      2.000 11603820915.
    15.000      0.000      0.000      0.000      0.000      1.000      0.000      2.000 11603798178.
    16.000      0.000      0.000      0.000      0.000      1.000      0.000      2.000 11603797055.
    45.000      0.000      0.000      0.000      0.000      1.000      0.000      2.000 11603796228.
     0.000      0.000      0.000      0.000      0.000      1.000      0.000      2.000 11603794597.
     0.000    130.000      0.000      0.000      0.000      1.000      0.000      2.000 11603781706.
    20.000     50.000      0.000      0.000      0.000      1.000      0.000      2.000 11603769333.
    15.000      0.000      0.000      0.000      0.000      1.000      0.000      2.000 11603763625.
     0.000      0.000      0.000      0.000      0.000      1.000      0.000      2.000 11603756830.
    30.000      0.000      0.000     30.000      0.000      1.000      0.000      2.000 11603745609.
    30.000      0.000      0.000      0.000      0.000      1.000      0.000      2.000 11603716442.
     0.000      0.000      0.000      0.000      0.000      1.000      0.000      2.000 11603703171.
     5.000      0.000      0.000      0.000      0.000      1.000      0.000      2.000 11603700616.
     0.000      1.000      0.000     15.000      0.000      1.000      0.000      2.000 11603690217.
    50.000      0.000      0.000      0.000      0.000      1.000      0.000      2.000 11603680743.
    30.000    225.000      0.000      0.000      0.000      1.000      0.000      2.000 11603680738.
     0.000      0.000      0.000     15.000      0.000      1.000      0.000      2.000 11603678975.
    60.000      0.000     62.000     64.000      0.000      0.000      1.000      3.000 11603675816.
     0.000      0.000     20.000      0.000      0.000      1.000      0.000      2.000 11603674967.
     0.000     45.000      0.000      0.000      0.000      1.000      0.000      2.000 11603668099.
    25.000      0.000      0.000      0.000      0.000      1.000      0.000      2.000 11603664423.
    50.000      0.000      0.000      0.000      0.000      1.000      0.000      2.000 11603660447.
    20.000      0.000      0.000      0.000      0.000      1.000      0.000      2.000 11603642262.
    25.000      0.000     25.000     45.000      0.000      0.001      0.999      3.000 11603639482.
     0.000      0.000      0.000      0.000      0.000      1.000      0.000      2.000 11603632972.
    10.000      0.000      0.000      0.000      0.000      1.000      0.000      2.000 11603629908.
    15.000     20.000      0.000      0.000      0.000      1.000      0.000      2.000 11603618807.
     0.000     30.000     45.000      0.000      0.000      0.000      1.000      3.000 11603607321.
    30.000      0.000      0.000     40.000      0.000      1.000      0.000      2.000 11603598072.
    15.000      0.000      0.000      0.000      0.000      1.000      0.000      2.000 11603592018.
    60.000      0.000      0.000     60.000      0.000      1.000      0.000      2.000 11603584425.
    50.000      0.000      0.000      0.000      0.000      1.000      0.000      2.000 11603579103.
     0.000      0.000      0.000      0.000      0.000      1.000      0.000      2.000 11603577520.
     0.000      0.000     10.000      3.000      0.000      1.000      0.000      2.000 11603573580.
    45.000     30.000     45.000     45.000      0.000      0.000      1.000      3.000 11603573270.
     0.000     45.000      0.000      0.000      0.000      1.000      0.000      2.000 11603571068.
     0.000      0.000      6.000      0.000      0.000      1.000      0.000      2.000 11603564841.
    20.000      0.000      0.000     10.000      0.000      1.000      0.000      2.000 11603556067.
     1.000      0.000      0.000      0.000      0.000      1.000      0.000      2.000 11603553894.
     0.000      0.000      0.000      0.000      0.000      1.000      0.000      2.000 11603541619.
    65.000      0.000      0.000      0.000      0.000      1.000      0.000      2.000 11603528672.
    30.000      0.000      0.000      0.000      0.000      1.000      0.000      2.000 11603523534.
    25.000      0.000      0.000      0.000      0.000      1.000      0.000      2.000 11603520698.
    30.000     90.000     30.000     30.000      0.000      0.000      1.000      3.000 11603519460.
    50.000      0.000      0.000      0.000      0.000      1.000      0.000      2.000 11603514169.
     0.000      2.000      0.000      0.000      0.000      1.000      0.000      2.000 11603513590.
     0.000     95.000     15.000      0.000      0.000      1.000      0.000      2.000 11603510076.
     0.000      0.000      0.000      0.000      0.000      1.000      0.000      2.000 11603509509.
     0.000      0.000      0.000      0.000      0.000      1.000      0.000      2.000 11603504590.
     0.000     50.000     10.000      0.000      0.000      1.000      0.000      2.000 11603501212.
     0.000      0.000      0.000      0.000      0.000      1.000      0.000      2.000 11603500879.
     0.000    490.000      0.000      0.000      0.000      1.000      0.000      2.000 11603500644.
     0.000      0.000      0.000      0.000      0.000      1.000      0.000      2.000 11603500313.
     0.000     22.000      0.000      0.000      0.000      1.000      0.000      2.000 11603488274.
     6.000      0.000      0.000      0.000      0.000      1.000      0.000      2.000 11603488159.
     0.000      0.000      0.000      0.000      0.000      1.000      0.000      2.000 11603484881.
    20.000      0.000      0.000      0.000      0.000      1.000      0.000      2.000 11603482356.
    30.000      0.000      0.000      0.000      0.000      1.000      0.000      2.000 11603480935.
    43.000      0.000      0.000      0.000      0.000      1.000      0.000      2.000 11603480193.
     0.000      0.000      0.000      0.000      0.000      1.000      0.000      2.000 11603477070.
     0.000      0.000      0.000      0.000      0.000      1.000      0.000      2.000 11603475301.
     0.000      0.000      0.000      0.000      0.000      1.000      0.000      2.000 11603471322.
     1.000      5.000      2.000      1.000      0.000      1.000      0.000      2.000 11603470963.
     0.000     60.000     15.000      0.000      0.000      1.000      0.000      2.000 11603469198.
     0.000      0.000      0.000      0.000      0.000      1.000      0.000      2.000 11603460784.
     0.000      0.000      0.000      0.000      0.000      1.000      0.000      2.000 11603459844.
     0.000      0.000      0.000      0.000      0.000      1.000      0.000      2.000 11603459288.
    10.000     15.000     13.000     10.000      0.000      1.000      0.000      2.000 11603456419.
     0.000      0.000      0.000      0.000      0.000      1.000      0.000      2.000 11603452275.
     0.000      0.000      1.000      0.000      0.000      1.000      0.000      2.000 11603450708.
    20.000      0.000     20.000     20.000      0.000      0.980      0.020      2.000 11603439411.
    60.000      0.000      0.000      0.000      0.000      1.000      0.000      2.000 11603436767.
    10.000      9.000     15.000     15.000      0.000      1.000      0.000      2.000 11603432097.
     0.000      0.000      0.000      0.000      0.000      1.000      0.000      2.000 11603421411.
     0.000      7.000      0.000      0.000      0.000      1.000      0.000      2.000 11603419729.
     5.000      0.000      0.000      0.000      0.000      1.000      0.000      2.000 11603413458.
     0.000     10.000      0.000      0.000      0.000      1.000      0.000      2.000 11603410784.
     0.000      2.000      0.000      0.000      0.000      1.000      0.000      2.000 11603410224.
     0.000     60.000     10.000      0.000      0.000      1.000      0.000      2.000 11603396521.
    30.000      0.000      0.000      0.000      0.000      1.000      0.000      2.000 11603386592.
    45.000      0.000      0.000      0.000      0.000      1.000      0.000      2.000 11603378560.
     0.000     88.000      0.000      0.000      0.000      1.000      0.000      2.000 11603377671.
    50.000      0.000      0.000      0.000      0.000      1.000      0.000      2.000 11603375960.
    10.000      0.000      0.000     10.000      0.000      1.000      0.000      2.000 11603369573.
    15.000      0.000      0.000      0.000      0.000      1.000      0.000      2.000 11603369316.
     0.000     30.000      0.000     20.000      0.000      1.000      0.000      2.000 11603368736.
    50.000      0.000     30.000      0.000      0.000      0.005      0.995      3.000 11603368159.
     0.000      0.000      0.000      0.000      0.000      1.000      0.000      2.000 11603366771.
     0.000      0.000      0.000      0.000      0.000      1.000      0.000      2.000 11603366088.
     0.000     10.000      5.000      0.000      0.000      1.000      0.000      2.000 11603365218.
     0.000      0.000      0.000      0.000      0.000      1.000      0.000      2.000 11603365091.
     0.000      0.000      0.000      0.000      0.000      1.000      0.000      2.000 11603355023.
    10.000      0.000     10.000     10.000      0.000      1.000      0.000      2.000 11603349077.
     0.000      0.000      0.000      0.000      0.000      1.000      0.000      2.000 11603348080.
    30.000      0.000      0.000      0.000      0.000      1.000      0.000      2.000 11603339589.
    30.000      0.000      0.000      0.000      0.000      1.000      0.000      2.000 11603327576.
     0.000      0.000      0.000      0.000      0.000      1.000      0.000      2.000 11603326063.
    10.000      0.000      0.000      0.000      0.000      1.000      0.000      2.000 11603325611.
     0.000      0.000      0.000      0.000      0.000      1.000      0.000      2.000 11603321937.
     0.000      0.000      0.000      0.000      0.000      1.000      0.000      2.000 11603312770.
    10.000      0.000      0.000      0.000      0.000      1.000      0.000      2.000 11603310639.
    35.000     30.000     20.000      0.000      0.000      0.999      0.001      2.000 11603310587.
     0.000      0.000      0.000      0.000      0.000      1.000      0.000      2.000 11603309159.
    90.000      0.000      0.000      0.000      0.000      1.000      0.000      2.000 11603307912.
   120.000      0.000    110.000    110.000      0.000      0.000      1.000      3.000 11603303704.
    15.000      0.000      0.000      0.000      0.000      1.000      0.000      2.000 11603302767.
    18.000      0.000     18.000      0.000      0.000      1.000      0.000      2.000 11603302556.
    20.000      0.000      0.000     20.000      0.000      1.000      0.000      2.000 11603290505.
    15.000      0.000      0.000      0.000      0.000      1.000      0.000      2.000 11603282829.
     0.000      8.000     15.000      0.000      0.000      1.000      0.000      2.000 11603280827.
     0.000      0.000      0.000      0.000      0.000      1.000      0.000      2.000 11603280593.
     7.000      0.000      7.000      7.000      0.000      1.000      0.000      2.000 11603257857.
    25.000     15.000      0.000      0.000      0.000      1.000      0.000      2.000 11603256449.
     0.000      0.000      0.000      0.000      0.000      1.000      0.000      2.000 11603245928.
    15.000      0.000      0.000     15.000      0.000      1.000      0.000      2.000 11603237937.
     0.000      0.000      0.000      0.000      0.000      1.000      0.000      2.000 11603231785.
    15.000     25.000     15.000      0.000      0.000      1.000      0.000      2.000 11603221022.
     0.000     50.000      5.000      0.000      0.000      1.000      0.000      2.000 11603220807.
     0.000     60.000     35.000      0.000      0.000      0.000      1.000      3.000 11603217050.
     0.000      0.000      0.000      0.000      0.000      1.000      0.000      2.000 11603216221.
     0.000      0.000      0.000      0.000      0.000      1.000      0.000      2.000 11603208135.
    32.000      0.000      0.000      0.000      0.000      1.000      0.000      2.000 11603204445.
     0.000     24.000      0.000      0.000      0.000      1.000      0.000      2.000 11603204238.
    55.000      0.000      0.000      0.000      0.000      1.000      0.000      2.000 11603203544.
     0.000     30.000     25.000      0.000      0.000      0.751      0.249      2.000 11603195827.
     0.000      0.000      0.000      0.000      0.000      1.000      0.000      2.000 11603189455.
     0.000      0.000      0.000      0.000      0.000      1.000      0.000      2.000 11603186015.
    20.000      0.000      0.000      0.000      0.000      1.000      0.000      2.000 11603180815.
    20.000      0.000      0.000      0.000      0.000      1.000      0.000      2.000 11603160382.
     0.000     39.000      6.000      0.000      0.000      1.000      0.000      2.000 11603149825.
     2.000      0.000      0.000      3.000      0.000      1.000      0.000      2.000 11603149647.
     5.000     45.000      5.000      5.000      0.000      1.000      0.000      2.000 11603149472.
    35.000      0.000      0.000      0.000      0.000      1.000      0.000      2.000 11603144797.
     0.000      0.000      0.000      0.000      0.000      1.000      0.000      2.000 11603142599.
     0.000      0.000      0.000      0.000      0.000      1.000      0.000      2.000 11603141464.
     7.000      0.000      0.000      0.000      0.000      1.000      0.000      2.000 11603135597.
     0.000    546.000      0.000      0.000      0.000      1.000      0.000      2.000 11603134037.
    10.000      0.000      0.000      0.000      0.000      1.000      0.000      2.000 11603131329.
     0.000      0.000      0.000      0.000      0.000      1.000      0.000      2.000 11603130877.
     0.000     26.000      0.000      0.000      0.000      1.000      0.000      2.000 11603130163.
     0.000      0.000      0.000      0.000      0.000      1.000      0.000      2.000 11603128807.
     0.000     20.000      5.000      5.000      0.000      1.000      0.000      2.000 11603128324.
     0.000      0.000      0.000      0.000      0.000      1.000      0.000      2.000 11603126000.
    10.000      0.000      0.000      0.000      0.000      1.000      0.000      2.000 11603123934.
     0.000      0.000      0.000     30.000      0.000      1.000      0.000      2.000 11603110896.
    40.000      0.000      0.000      0.000      0.000      1.000      0.000      2.000 11603109482.
     0.000      0.000      0.000      0.000      0.000      1.000      0.000      2.000 11603108201.
    20.000     65.000      0.000      0.000      0.000      1.000      0.000      2.000 11603098936.
    30.000      0.000      0.000      0.000      0.000      1.000      0.000      2.000 11603079293.
     0.000      0.000      1.000      2.000      0.000      1.000      0.000      2.000 11603070187.
     0.000      0.000      0.000      0.000      0.000      1.000      0.000      2.000 11603068428.
     0.000     15.000      0.000      0.000      0.000      1.000      0.000      2.000 11603059998.
     6.000      0.000      0.000      0.000      0.000      1.000      0.000      2.000 11603050413.
     0.000      0.000     15.000      0.000      0.000      1.000      0.000      2.000 11603047814.
     0.000      0.000      0.000      0.000      0.000      1.000      0.000      2.000 11603040015.
    25.000      0.000      0.000      0.000      0.000      1.000      0.000      2.000 11603037705.
     0.000      0.000      0.000      0.000      0.000      1.000      0.000      2.000 11603035633.
    10.000      0.000      0.000      0.000      0.000      1.000      0.000      2.000 11603023529.
     0.000      0.000      0.000      0.000      0.000      1.000      0.000      2.000 11603005642.
     0.000      7.000      4.000      0.000      0.000      1.000      0.000      2.000 11603003866.
     0.000      0.000      0.000      0.000      0.000      1.000      0.000      2.000 11603001914.
    20.000      0.000      0.000      0.000      0.000      1.000      0.000      2.000 11602994665.
    30.000      0.000      0.000      0.000      0.000      1.000      0.000      2.000 11602989465.
     0.000      0.000      0.000      0.000      0.000      1.000      0.000      2.000 11602980979.
     0.000      0.000      0.000      0.000      0.000      1.000      0.000      2.000 11602976800.
     0.000      0.000      0.000      0.000      0.000      1.000      0.000      2.000 11602974456.
     0.000      0.000      0.000      0.000      0.000      1.000      0.000      2.000 11602955708.
    15.000      0.000      0.000      0.000      0.000      1.000      0.000      2.000 11602943971.
    30.000      0.000      0.000      0.000      0.000      1.000      0.000      2.000 11602941288.
     0.000      0.000      0.000      0.000      0.000      1.000      0.000      2.000 11602939044.
     0.000      1.000      0.000      1.000      0.000      1.000      0.000      2.000 11602938457.
    25.000      0.000      0.000      0.000      0.000      1.000      0.000      2.000 11602938427.
     0.000      0.000      7.000      0.000      0.000      1.000      0.000      2.000 11602938398.
     0.000     62.000      2.000      0.000      0.000      1.000      0.000      2.000 11602937989.
     0.000      0.000      0.000      8.000      0.000      1.000      0.000      2.000 11602937522.
     5.000      0.000      0.000      0.000      0.000      1.000      0.000      2.000 11602936989.
     0.000      0.000      0.000      0.000      0.000      1.000      0.000      2.000 11602936806.
    90.000      0.000      0.000      0.000      0.000      1.000      0.000      2.000 11602936101.
    45.000      0.000      0.000      0.000      0.000      1.000      0.000      2.000 11602934068.
     0.000    180.000     45.000      0.000      0.000      0.000      1.000      3.000 11602933762.
    30.000      0.000      0.000      0.000      0.000      1.000      0.000      2.000 11602932884.
     2.000      6.000      0.000      0.000      0.000      1.000      0.000      2.000 11602931409.
     0.000     25.000      0.000      0.000      0.000      1.000      0.000      2.000 11602923459.
    10.000     55.000     16.000     15.000      0.000      1.000      0.000      2.000 11602922929.
     0.000      3.000      0.000      0.000      0.000      1.000      0.000      2.000 11602920726.
     0.000      0.000      0.000      0.000      0.000      1.000      0.000      2.000 11602917127.
    25.000     40.000      0.000      0.000      0.000      1.000      0.000      2.000 11602916064.
     0.000      0.000      0.000      0.000      0.000      1.000      0.000      2.000 11602915793.
    80.000      0.000      0.000      0.000      0.000      1.000      0.000      2.000 11602914408.
     0.000     75.000     50.000      0.000      0.000      0.000      1.000      3.000 11602913717.
    65.000      0.000      0.000      0.000      0.000      1.000      0.000      2.000 11602913221.
     0.000     30.000      0.000      0.000      0.000      1.000      0.000      2.000 11602910417.
   120.000      0.000      0.000      0.000      0.000      1.000      0.000      2.000 11602909149.
     0.000     35.000      5.000      5.000      0.000      1.000      0.000      2.000 11602909049.
     0.000      0.000     20.000      1.000      0.000      1.000      0.000      2.000 11602908495.
    10.000     30.000     20.000      0.000      0.000      0.999      0.001      2.000 11602906516.
    60.000      0.000      0.000      0.000      0.000      1.000      0.000      2.000 11602904145.
     0.000      0.000      0.000      0.000      0.000      1.000      0.000      2.000 11602902097.
     0.000      0.000      0.000      0.000      0.000      1.000      0.000      2.000 11602895777.
    25.000      0.000      0.000      0.000      0.000      1.000      0.000      2.000 11602893239.
     0.000      0.000      0.000      0.000      0.000      1.000      0.000      2.000 11602892832.
     0.000      0.000      0.000      0.000      0.000      1.000      0.000      2.000 11602892608.
     0.000      0.000      0.000      0.000      0.000      1.000      0.000      2.000 11602884512.
     0.000      0.000      0.000      0.000      0.000      1.000      0.000      2.000 11602884413.
     0.000     30.000      0.000      0.000      0.000      1.000      0.000      2.000 11602884151.
     0.000      5.000      0.000      2.000      0.000      1.000      0.000      2.000 11602882748.
     0.000     10.000      0.000      0.000      0.000      1.000      0.000      2.000 11602873180.
     0.000      7.000      0.000      0.000      0.000      1.000      0.000      2.000 11602872546.
     0.000      0.000      0.000      0.000      0.000      1.000      0.000      2.000 11602867700.
     0.000      0.000      0.000      0.000      0.000      1.000      0.000      2.000 11602840773.
   180.000    120.000      0.000      0.000      0.000      1.000      0.000      2.000 11602176974.
    25.000      0.000      0.000      0.000      0.000      1.000      0.000      2.000 11601619311.
    35.000      0.000      0.000      0.000      0.000      1.000      0.000      2.000 11601515844.
    10.000      0.000      0.000      0.000      0.000      1.000      0.000      2.000 11601446411.
     0.000      0.000      0.000      0.000      0.000      1.000      0.000      2.000 11601438142.
     0.000      0.000      0.000      0.000      0.000      1.000      0.000      2.000 11601409806.
     0.000      0.000      0.000      0.000      0.000      1.000      0.000      2.000 11601377642.
     0.000      0.000      0.000      0.000      0.000      1.000      0.000      2.000 11601297440.
    60.000     40.000     60.000      0.000      0.000      0.000      1.000      3.000 11601178888.
     0.000      0.000      0.000      0.000      0.000      1.000      0.000      2.000 11601037768.
    20.000     20.000      0.000      0.000      0.000      1.000      0.000      2.000 11600927895.
     0.000      0.000      0.000      0.000      0.000      1.000      0.000      2.000 11600904741.
    90.000      0.000      0.000      0.000      0.000      1.000      0.000      2.000 11600839847.
    30.000      0.000      0.000      0.000      0.000      1.000      0.000      2.000 11600807185.
    10.000     20.000     10.000     15.000      0.000      1.000      0.000      2.000 11600727132.
    25.000      0.000      0.000      0.000      0.000      1.000      0.000      2.000 11600720169.
    30.000     30.000      0.000      0.000      0.000      1.000      0.000      2.000 11600690310.
     0.000      0.000      0.000      0.000      0.000      1.000      0.000      2.000 11600656937.
     0.000      0.000      0.000      0.000      0.000      1.000      0.000      2.000 11600638479.
    45.000      0.000      0.000      0.000      0.000      1.000      0.000      2.000 11600574058.
     0.000      0.000      0.000      0.000      0.000      1.000      0.000      2.000 11600463991.
    20.000     50.000      0.000      0.000      0.000      1.000      0.000      2.000 11600403985.
     0.000      0.000      0.000      0.000      0.000      1.000      0.000      2.000 11600378747.
     0.000      0.000      0.000      0.000      0.000      1.000      0.000      2.000 11600344442.
     0.000      0.000      0.000      0.000      0.000      1.000      0.000      2.000 11600205793.
     0.000      0.000      0.000      0.000      0.000      1.000      0.000      2.000 11600190357.
     0.000      0.000      0.000     20.000      0.000      1.000      0.000      2.000 11600078920.
    15.000      0.000      0.000     15.000      0.000      1.000      0.000      2.000 11600028356.
     0.000      0.000      0.000      0.000      0.000      1.000      0.000      2.000 11600020713.
     0.000      0.000      0.000      0.000      0.000      1.000      0.000      2.000 11599951758.
     0.000      0.000      0.000      0.000      0.000      1.000      0.000      2.000 11599859632.
    35.000      0.000      0.000      0.000      0.000      1.000      0.000      2.000 11599854059.
    90.000      0.000      0.000      0.000      0.000      1.000      0.000      2.000 11599816872.
     0.000      0.000      0.000      0.000      0.000      1.000      0.000      2.000 11599758344.
     0.000      0.000      0.000     35.000      0.000      1.000      0.000      2.000 11599754920.
    15.000      0.000      0.000      0.000      0.000      1.000      0.000      2.000 11599737336.
     0.000     30.000      0.000      0.000      0.000      1.000      0.000      2.000 11599720672.
     0.000      0.000      0.000      0.000      0.000      1.000      0.000      2.000 11599675395.
    25.000      0.000      0.000      0.000      0.000      1.000      0.000      2.000 11599662960.
    15.000      0.000      0.000      0.000      0.000      1.000      0.000      2.000 11599657346.
    13.000      0.000      0.000      0.000      0.000      1.000      0.000      2.000 11599620412.
    20.000      0.000      0.000      0.000      0.000      1.000      0.000      2.000 11599619560.
     0.000      0.000      0.000      0.000      0.000      1.000      0.000      2.000 11599598420.
     0.000      0.000      0.000      0.000      0.000      1.000      0.000      2.000 11599553911.
     0.000      0.000      0.000      0.000      0.000      1.000      0.000      2.000 11599551922.
     0.000      0.000      0.000      0.000      0.000      1.000      0.000      2.000 11599549460.
    60.000      0.000      0.000      0.000      0.000      1.000      0.000      2.000 11599546426.
    10.000      0.000      0.000      0.000      0.000      1.000      0.000      2.000 11599542099.
    10.000      0.000      0.000      0.000      0.000      1.000      0.000      2.000 11599455301.
     0.000      0.000      0.000      0.000      0.000      1.000      0.000      2.000 11599443476.
     0.000      0.000      0.000      0.000      0.000      1.000      0.000      2.000 11599439051.
    20.000      0.000      0.000      0.000      0.000      1.000      0.000      2.000 11599435316.
     0.000      0.000      0.000      0.000      0.000      1.000      0.000      2.000 11599432886.
   145.000      0.000      0.000      0.000      0.000      1.000      0.000      2.000 11599429460.
    40.000      0.000      0.000      0.000      0.000      1.000      0.000      2.000 11599414365.
    50.000      0.000      0.000      0.000      0.000      1.000      0.000      2.000 11599414050.
     5.000      0.000      0.000      0.000      0.000      1.000      0.000      2.000 11599402283.
    49.000      0.000      0.000      0.000      0.000      1.000      0.000      2.000 11599395636.
     0.000      0.000      0.000      0.000      0.000      1.000      0.000      2.000 11599387916.
    45.000      0.000      0.000      0.000      0.000      1.000      0.000      2.000 11599384013.
    15.000     20.000      0.000      0.000      0.000      1.000      0.000      2.000 11599377978.
     0.000      0.000      0.000      0.000      0.000      1.000      0.000      2.000 11599370553.
     2.000    150.000      2.000      2.000      0.000      1.000      0.000      2.000 11599370452.
     0.000      0.000      0.000      0.000      0.000      1.000      0.000      2.000 11599359868.
    40.000      0.000      0.000      0.000      0.000      1.000      0.000      2.000 11599356920.
    60.000      0.000      0.000      0.000      0.000      1.000      0.000      2.000 11599349099.
    20.000      0.000      0.000      0.000      0.000      1.000      0.000      2.000 11599344032.
     0.000      0.000      0.000      0.000      0.000      1.000      0.000      2.000 11599342035.
     0.000      0.000      0.000      0.000      0.000      1.000      0.000      2.000 11599315620.
     0.000     10.000      0.000      0.000      0.000      1.000      0.000      2.000 11599307562.
    40.000      0.000      0.000      0.000      0.000      1.000      0.000      2.000 11599303002.
    90.000      0.000      0.000     60.000      0.000      1.000      0.000      2.000 11599302744.
    15.000      0.000      0.000      0.000      0.000      1.000      0.000      2.000 11599298808.
     0.000      0.000      0.000      0.000      0.000      1.000      0.000      2.000 11599298243.
     5.000      0.000      0.000     30.000      0.000      1.000      0.000      2.000 11599293693.
    30.000      0.000      0.000     35.000      0.000      1.000      0.000      2.000 11599280867.
    15.000     20.000     18.000      0.000      0.000      1.000      0.000      2.000 11599273716.
    30.000      0.000      0.000      0.000      0.000      1.000      0.000      2.000 11599269436.
    10.000      0.000      0.000      0.000      0.000      1.000      0.000      2.000 11599267729.
    70.000      0.000      0.000      0.000      0.000      1.000      0.000      2.000 11599266121.
    30.000      0.000      0.000      0.000      0.000      1.000      0.000      2.000 11599264239.
    25.000      0.000      0.000      0.000      0.000      1.000      0.000      2.000 11599264176.
     0.000      0.000      0.000      0.000      0.000      1.000      0.000      2.000 11599263511.
    30.000      0.000      0.000      0.000      0.000      1.000      0.000      2.000 11599262756.
     0.000    148.000     65.000      0.000      0.000      0.000      1.000      3.000 11599253282.
     0.000      0.000      0.000      0.000      0.000      1.000      0.000      2.000 11599251689.
    65.000     55.000      0.000      0.000      0.000      1.000      0.000      2.000 11599250813.
    45.000      0.000      0.000      0.000      0.000      1.000      0.000      2.000 11599245768.
     0.000      0.000      0.000      0.000      0.000      1.000      0.000      2.000 11599234832.
    20.000      0.000      0.000      0.000      0.000      1.000      0.000      2.000 11599224322.
    15.000      0.000      0.000      0.000      0.000      1.000      0.000      2.000 11599219431.
     0.000      0.000      0.000      0.000      0.000      1.000      0.000      2.000 11599219211.
    12.000      0.000      0.000      0.000      0.000      1.000      0.000      2.000 11599217906.
    40.000      0.000      0.000      0.000      0.000      1.000      0.000      2.000 11599212347.
     0.000     60.000      0.000      0.000      0.000      1.000      0.000      2.000 11599207838.
     0.000      0.000      0.000      0.000      0.000      1.000      0.000      2.000 11599196725.
    30.000      0.000      0.000      0.000      0.000      1.000      0.000      2.000 11599195807.
    20.000      0.000      0.000      0.000      0.000      1.000      0.000      2.000 11599190932.
    45.000      0.000      0.000      0.000      0.000      1.000      0.000      2.000 11599188667.
    25.000      0.000      0.000      0.000      0.000      1.000      0.000      2.000 11599186456.
    15.000     30.000     15.000      0.000      0.000      1.000      0.000      2.000 11599184790.
    55.000      0.000      0.000      0.000      0.000      1.000      0.000      2.000 11599183550.
     3.000      2.000      0.000      0.000      0.000      1.000      0.000      2.000 11599182960.
    10.000      0.000      0.000     20.000      0.000      1.000      0.000      2.000 11599181801.
    50.000      0.000      0.000      0.000      0.000      1.000      0.000      2.000 11599170928.
     0.000      0.000      0.000      0.000      0.000      1.000      0.000      2.000 11599169845.
    90.000      0.000      0.000    185.000      0.000      0.005      0.995      3.000 11599165259.
    15.000     15.000      5.000      5.000      0.000      1.000      0.000      2.000 11599163543.
     0.000      3.000      0.000      0.000      0.000      1.000      0.000      2.000 11599163531.
    35.000      0.000      0.000      0.000      0.000      1.000      0.000      2.000 11599163029.
     0.000      0.000      0.000      0.000      0.000      1.000      0.000      2.000 11599158467.
    45.000      0.000      0.000      0.000      0.000      1.000      0.000      2.000 11599156225.
     0.000      0.000      0.000      0.000      0.000      1.000      0.000      2.000 11599154445.
     0.000      0.000      0.000      0.000      0.000      1.000      0.000      2.000 11599153861.
    50.000     70.000     30.000     30.000      0.000      0.000      1.000      3.000 11599151446.
    30.000      0.000      0.000      0.000      0.000      1.000      0.000      2.000 11599150471.
     5.000      0.000      0.000      0.000      0.000      1.000      0.000      2.000 11599147125.
     0.000      0.000      0.000      0.000      0.000      1.000      0.000      2.000 11599146791.
     0.000      0.000      0.000      0.000      0.000      1.000      0.000      2.000 11599143064.
     0.000      0.000      0.000      0.000      0.000      1.000      0.000      2.000 11599141436.
     0.000     65.000      0.000      0.000      0.000      1.000      0.000      2.000 11599141045.
     0.000      0.000      0.000      0.000      0.000      1.000      0.000      2.000 11599140577.
    20.000      0.000      0.000      0.000      0.000      1.000      0.000      2.000 11599124370.
    20.000      0.000      0.000      0.000      0.000      1.000      0.000      2.000 11599122609.
    20.000      0.000      0.000     10.000      0.000      1.000      0.000      2.000 11599120457.
     0.000     50.000      5.000      0.000      0.000      1.000      0.000      2.000 11599119132.
     4.000      0.000      0.000      0.000      0.000      1.000      0.000      2.000 11599118521.
     2.000      0.000      0.000      0.000      0.000      1.000      0.000      2.000 11599117423.
     7.000      0.000      7.000      7.000      0.000      1.000      0.000      2.000 11599116151.
     0.000      0.000      0.000      0.000      0.000      1.000      0.000      2.000 11599115637.
     0.000     55.000      0.000      0.000      0.000      1.000      0.000      2.000 11599111966.
     0.000      0.000      0.000      0.000      0.000      1.000      0.000      2.000 11599111708.
    20.000     30.000     20.000      0.000      0.000      0.999      0.001      2.000 11599109323.
    30.000      0.000      0.000      0.000      0.000      1.000      0.000      2.000 11599107316.
     0.000      7.000      5.000      0.000      0.000      1.000      0.000      2.000 11599107166.
    65.000      0.000      0.000      0.000      0.000      1.000      0.000      2.000 11599104032.
   120.000      0.000      0.000      0.000      0.000      1.000      0.000      2.000 11599094411.
    10.000      0.000      0.000      0.000      0.000      1.000      0.000      2.000 11599093441.
     5.000      7.000      0.000      0.000      0.000      1.000      0.000      2.000 11599092623.
     0.000     60.000     15.000      0.000      0.000      1.000      0.000      2.000 11599089973.
     0.000      0.000      0.000      0.000      0.000      1.000      0.000      2.000 11599075506.
     0.000      0.000      0.000      0.000      0.000      1.000      0.000      2.000 11599075003.
    30.000      0.000     30.000      0.000      0.000      0.008      0.992      3.000 11599073101.
    15.000      0.000      0.000      0.000      0.000      1.000      0.000      2.000 11599070452.
     0.000      0.000      0.000      0.000      0.000      1.000      0.000      2.000 11599068761.
     0.000      0.000      0.000      0.000      0.000      1.000      0.000      2.000 11599063881.
     0.000     33.000      0.000      0.000      0.000      1.000      0.000      2.000 11599062012.
     0.000      0.000      0.000      0.000      0.000      1.000      0.000      2.000 11599059614.
   150.000      0.000      0.000      0.000      0.000      1.000      0.000      2.000 11599059062.
    60.000      0.000      0.000      0.000      0.000      1.000      0.000      2.000 11599057344.
     0.000      0.000      5.000      0.000      0.000      1.000      0.000      2.000 11599053658.
     0.000     90.000      0.000      0.000      0.000      1.000      0.000      2.000 11599048924.
    23.000      0.000      0.000      0.000      0.000      1.000      0.000      2.000 11599047718.
     0.000      0.000     40.000      0.000      0.000      0.000      1.000      3.000 11599046607.
    45.000      0.000      0.000      0.000      0.000      1.000      0.000      2.000 11599031899.
     0.000      0.000      0.000      0.000      0.000      1.000      0.000      2.000 11599031669.
    10.000     60.000     10.000      0.000      0.000      1.000      0.000      2.000 11599031071.
    10.000      0.000      0.000      0.000      0.000      1.000      0.000      2.000 11599028714.
     0.000      0.000      0.000      0.000      0.000      1.000      0.000      2.000 11599024178.
     7.000      0.000      0.000      0.000      0.000      1.000      0.000      2.000 11599022892.
     0.000      0.000      0.000      0.000      0.000      1.000      0.000      2.000 11599021770.
     0.000      0.000     15.000      0.000      0.000      1.000      0.000      2.000 11599010873.
     0.000      0.000      0.000      0.000      0.000      1.000      0.000      2.000 11599010181.
     0.000      0.000      0.000      0.000      0.000      1.000      0.000      2.000 11599009975.
     0.000     13.000      7.000      7.000      0.000      1.000      0.000      2.000 11599008131.
     0.000      0.000      0.000      0.000      0.000      1.000      0.000      2.000 11599003844.
   108.000      0.000      0.000      0.000      0.000      1.000      0.000      2.000 11599001814.
     2.000      3.000      3.000      1.000      0.000      1.000      0.000      2.000 11598992954.
    20.000     20.000      0.000     30.000      0.000      1.000      0.000      2.000 11598992337.
     0.000      0.000      0.000      0.000      0.000      1.000      0.000      2.000 11598990624.
    12.000      0.000      0.000      0.000      0.000      1.000      0.000      2.000 11598986383.
     0.000      0.000      0.000      0.000      0.000      1.000      0.000      2.000 11598984527.
    40.000      0.000      0.000      0.000      0.000      1.000      0.000      2.000 11598982758.
     0.000      0.000      0.000      0.000      0.000      1.000      0.000      2.000 11598970922.
     0.000      0.000      0.000      0.000      0.000      1.000      0.000      2.000 11598962661.
     5.000      0.000      0.000      0.000      0.000      1.000      0.000      2.000 11598961312.
     0.000     10.000      0.000      0.000      0.000      1.000      0.000      2.000 11598958145.
    70.000     75.000      0.000      0.000      0.000      1.000      0.000      2.000 11598954982.
    20.000      0.000     20.000      0.000      0.000      1.000      0.000      2.000 11598952708.
     0.000      4.000      0.000      2.000      0.000      1.000      0.000      2.000 11598947615.
    10.000      0.000      0.000      0.000      0.000      1.000      0.000      2.000 11598940898.
     0.000      0.000      0.000      0.000      0.000      1.000      0.000      2.000 11598931863.
     2.000      0.000      0.000      0.000      0.000      1.000      0.000      2.000 11598920213.
     0.000     15.000      3.000      0.000      0.000      1.000      0.000      2.000 11598919813.
     0.000      4.000      0.000      2.000      0.000      1.000      0.000      2.000 11598919471.
     0.000      0.000      0.000      0.000      0.000      1.000      0.000      2.000 11598913242.
     0.000      0.000      0.000      0.000      0.000      1.000      0.000      2.000 11598909534.
    45.000      0.000      0.000      0.000      0.000      1.000      0.000      2.000 11598902197.
     0.000      0.000      0.000      0.000      0.000      1.000      0.000      2.000 11598899400.
     0.000      0.000      0.000      0.000      0.000      1.000      0.000      2.000 11598897706.
     0.000      0.000     40.000     40.000      0.000      0.000      1.000      3.000 11598891219.
     0.000      0.000      0.000      0.000      0.000      1.000      0.000      2.000 11598890567.
     0.000      0.000      0.000      0.000      0.000      1.000      0.000      2.000 11598880262.
    45.000      0.000      0.000      0.000      0.000      1.000      0.000      2.000 11598863653.
     0.000      0.000      0.000      0.000      0.000      1.000      0.000      2.000 11598863443.
     0.000      0.000      0.000      0.000      0.000      1.000      0.000      2.000 11598859774.
     0.000      0.000      0.000      0.000      0.000      1.000      0.000      2.000 11598859049.
    10.000      0.000      0.000      0.000      0.000      1.000      0.000      2.000 11598857814.
    15.000      0.000      0.000      0.000      0.000      1.000      0.000      2.000 11598852560.
     0.000      4.000      0.000      4.000      0.000      1.000      0.000      2.000 11598852288.
    15.000      0.000      0.000      0.000      0.000      1.000      0.000      2.000 11598847564.
     8.000     53.000      9.000      5.000      0.000      1.000      0.000      2.000 11598839919.
    40.000      0.000      0.000      0.000      0.000      1.000      0.000      2.000 11598835715.
     0.000     45.000     10.000      0.000      0.000      1.000      0.000      2.000 11598835610.
    35.000      0.000      0.000      0.000      0.000      1.000      0.000      2.000 11598831949.
     0.000      0.000      0.000      0.000      0.000      1.000      0.000      2.000 11598831717.
     0.000      0.000      0.000      1.000      0.000      1.000      0.000      2.000 11598831621.
     3.000     28.000      7.000      7.000      0.000      1.000      0.000      2.000 11598830176.
     0.000      0.000      0.000      0.000      0.000      1.000      0.000      2.000 11598829986.
     9.000      0.000      0.000      0.000      0.000      1.000      0.000      2.000 11598828443.
     0.000      0.000     30.000      0.000      0.000      0.013      0.987      3.000 11598824749.
     0.000      0.000      0.000      0.000      0.000      1.000      0.000      2.000 11598823566.
    30.000      0.000      0.000      0.000      0.000      1.000      0.000      2.000 11598822231.
    10.000      0.000      0.000      0.000      0.000      1.000      0.000      2.000 11598817790.
     0.000     40.000      0.000      0.000      0.000      1.000      0.000      2.000 11598813690.
     0.000      0.000      4.000      0.000      0.000      1.000      0.000      2.000 11598812123.
     0.000      0.000      0.000      0.000      0.000      1.000      0.000      2.000 11598811683.
     0.000      0.000      5.000      0.000      0.000      1.000      0.000      2.000 11598810828.
     0.000     30.000      0.000      0.000      0.000      1.000      0.000      2.000 11598809977.
    15.000      0.000      0.000      0.000      0.000      1.000      0.000      2.000 11598808598.
    50.000      0.000      0.000      0.000      0.000      1.000      0.000      2.000 11598803295.
     0.000      0.000      0.000      0.000      0.000      1.000      0.000      2.000 11598802931.
     0.000      0.000      0.000      0.000      0.000      1.000      0.000      2.000 11598800786.
     0.000    169.000      0.000      0.000      0.000      1.000      0.000      2.000 11598788276.
   105.000     90.000      0.000      0.000      0.000      1.000      0.000      2.000 11598780680.
    45.000      0.000      0.000      0.000      0.000      1.000      0.000      2.000 11598774867.
    25.000      0.000      0.000      0.000      0.000      1.000      0.000      2.000 11598773085.
     0.000      0.000      0.000      0.000      0.000      1.000      0.000      2.000 11598771744.
     2.000      0.000      0.000      0.000      0.000      1.000      0.000      2.000 11598771383.
     0.000      0.000      0.000      0.000      0.000      1.000      0.000      2.000 11598770722.
    60.000      0.000      0.000      0.000      0.000      1.000      0.000      2.000 11598768352.
     0.000      0.000      0.000      0.000      0.000      1.000      0.000      2.000 11598765765.
     0.000      0.000      0.000      0.000      0.000      1.000      0.000      2.000 11598758498.
     5.000      0.000      0.000      0.000      0.000      1.000      0.000      2.000 11598758321.
     0.000      0.000      0.000      0.000      0.000      1.000      0.000      2.000 11598753518.
     5.000     20.000      0.000      0.000      0.000      1.000      0.000      2.000 11598752692.
    10.000     40.000      0.000      0.000      0.000      1.000      0.000      2.000 11598751772.
    15.000      0.000      0.000      0.000      0.000      1.000      0.000      2.000 11598751354.
    20.000      0.000      0.000      0.000      0.000      1.000      0.000      2.000 11598746281.
    30.000     40.000      0.000      0.000      0.000      1.000      0.000      2.000 11598729640.
     0.000      0.000      0.000      0.000      0.000      1.000      0.000      2.000 11598726889.
     0.000      0.000      0.000      0.000      0.000      1.000      0.000      2.000 11598721093.
     0.000      0.000      0.000      0.000      0.000      1.000      0.000      2.000 11598719165.
     0.000      0.000      0.000      0.000      0.000      1.000      0.000      2.000 11598713193.
   240.000      0.000      0.000      0.000      0.000      1.000      0.000      2.000 11598679014.
     0.000      0.000      0.000      0.000      0.000      1.000      0.000      2.000 11598676002.
     0.000      0.000      0.000      0.000      0.000      1.000      0.000      2.000 11598674020.
     0.000      1.000      2.000      0.000      0.000      1.000      0.000      2.000 11598672928.
     0.000      0.000      0.000      0.000      0.000      1.000      0.000      2.000 11598668755.
     0.000      0.000      0.000      0.000      0.000      1.000      0.000      2.000 11598664085.
    85.000      0.000     40.000      0.000      0.000      0.000      1.000      3.000 11598660170.
     0.000      0.000      0.000      0.000      0.000      1.000      0.000      2.000 11598655561.
     0.000      0.000      0.000      0.000      0.000      1.000      0.000      2.000 11598651832.
    50.000      0.000      0.000      0.000      0.000      1.000      0.000      2.000 11598648633.
    20.000    120.000     25.000      0.000      0.000      0.137      0.863      3.000 11598647289.
     0.000     17.000      0.000      0.000      0.000      1.000      0.000      2.000 11598642059.
    10.000      0.000      0.000      0.000      0.000      1.000      0.000      2.000 11598634052.
     0.000     10.000     30.000      0.000      0.000      0.010      0.990      3.000 11598632297.
     0.000      0.000      0.000      0.000      0.000      1.000      0.000      2.000 11598630654.
    40.000      0.000      0.000      0.000      0.000      1.000      0.000      2.000 11598627908.
     0.000      4.000      0.000      0.000      0.000      1.000      0.000      2.000 11598625026.
    28.000     68.000     12.000      3.000      0.000      1.000      0.000      2.000 11598623894.
     0.000      0.000      0.000      0.000      0.000      1.000      0.000      2.000 11598613888.
     0.000      0.000      0.000      0.000      0.000      1.000      0.000      2.000 11598611055.
     0.000     19.000      0.000      0.000      0.000      1.000      0.000      2.000 11598604762.
    20.000      0.000     20.000      0.000      0.000      1.000      0.000      2.000 11598602376.
     0.000      0.000      0.000      0.000      0.000      1.000      0.000      2.000 11598597361.
    30.000     70.000      0.000     30.000      0.000      1.000      0.000      2.000 11598594096.
     9.000     94.000      0.000      0.000      0.000      1.000      0.000      2.000 11598593648.
    20.000      0.000      0.000      0.000      0.000      1.000      0.000      2.000 11598583370.
    15.000      0.000      0.000      0.000      0.000      1.000      0.000      2.000 11598576888.
     8.000     15.000      3.000      3.000      0.000      1.000      0.000      2.000 11598576479.
    30.000     12.000      0.000      0.000      0.000      1.000      0.000      2.000 11598576236.
     0.000      0.000      0.000     60.000      0.000      1.000      0.000      2.000 11598572493.
     0.000      0.000      0.000      0.000      0.000      1.000      0.000      2.000 11598570716.
    30.000      0.000      0.000      0.000      0.000      1.000      0.000      2.000 11598553769.
     0.000      0.000     10.000      0.000      0.000      1.000      0.000      2.000 11598553490.
    25.000      0.000     30.000      0.000      0.000      0.008      0.992      3.000 11598553146.
     0.000      0.000      0.000      0.000      0.000      1.000      0.000      2.000 11598552778.
     0.000      0.000      4.000      2.000      0.000      1.000      0.000      2.000 11598550625.
     0.000      0.000      0.000     10.000      0.000      1.000      0.000      2.000 11598549833.
     0.000     74.000      0.000      0.000      0.000      1.000      0.000      2.000 11598549163.
     0.000      0.000      0.000      0.000      0.000      1.000      0.000      2.000 11598544796.
     0.000      0.000     25.000     25.000      0.000      0.044      0.956      3.000 11598538251.
     0.000      0.000      0.000      0.000      0.000      1.000      0.000      2.000 11598534922.
    40.000      0.000     45.000     55.000      0.000      0.000      1.000      3.000 11598528641.
    20.000      0.000      0.000      0.000      0.000      1.000      0.000      2.000 11598526141.
     0.000      0.000      0.000      0.000      0.000      1.000      0.000      2.000 11598522347.
    85.000      0.000      0.000      0.000      0.000      1.000      0.000      2.000 11598519885.
     0.000      0.000      0.000      0.000      0.000      1.000      0.000      2.000 11598518125.
    25.000      0.000      0.000      0.000      0.000      1.000      0.000      2.000 11598509716.
     0.000      0.000      0.000      0.000      0.000      1.000      0.000      2.000 11598509045.
    45.000      0.000      0.000     40.000      0.000      1.000      0.000      2.000 11598508027.
     0.000      0.000      0.000     30.000      0.000      1.000      0.000      2.000 11598507914.
    10.000      0.000      0.000      0.000      0.000      1.000      0.000      2.000 11598505528.
     0.000      0.000      0.000      0.000      0.000      1.000      0.000      2.000 11598502825.
     0.000      0.000      0.000      6.000      0.000      1.000      0.000      2.000 11598479661.
     0.000      0.000      0.000      0.000      0.000      1.000      0.000      2.000 11598471910.
    50.000      0.000      0.000      0.000      0.000      1.000      0.000      2.000 11598469959.
    15.000    120.000     20.000      0.000      0.000      0.990      0.010      2.000 11598468310.
    15.000      0.000      0.000      0.000      0.000      1.000      0.000      2.000 11598467355.
    20.000      0.000      0.000      0.000      0.000      1.000      0.000      2.000 11598459827.
     0.000      0.000      0.000      0.000      0.000      1.000      0.000      2.000 11598458857.
    80.000      0.000      0.000      0.000      0.000      1.000      0.000      2.000 11598454861.
     0.000      0.000     20.000      0.000      0.000      1.000      0.000      2.000 11598453713.
    30.000      0.000      0.000      0.000      0.000      1.000      0.000      2.000 11598449809.
     0.000      0.000      0.000      0.000      0.000      1.000      0.000      2.000 11598449424.
    15.000     30.000      0.000      0.000      0.000      1.000      0.000      2.000 11598445646.
     0.000      0.000      0.000      0.000      0.000      1.000      0.000      2.000 11598441897.
    30.000      0.000      0.000      0.000      0.000      1.000      0.000      2.000 11598437180.
    20.000      0.000     20.000      0.000      0.000      1.000      0.000      2.000 11598436332.
     0.000      0.000      0.000      0.000      0.000      1.000      0.000      2.000 11598430786.
    80.000     95.000      0.000      0.000      0.000      1.000      0.000      2.000 11598430416.
     0.000      0.000      0.000      0.000      0.000      1.000      0.000      2.000 11598429368.
     0.000      0.000      0.000     40.000      0.000      1.000      0.000      2.000 11598427567.
    30.000      0.000      0.000      0.000      0.000      1.000      0.000      2.000 11598427561.
    25.000      0.000     20.000      0.000      0.000      1.000      0.000      2.000 11598425398.
    15.000      0.000      0.000      0.000      0.000      1.000      0.000      2.000 11598414693.
     5.000      0.000      0.000      0.000      0.000      1.000      0.000      2.000 11598409415.
     0.000      0.000      0.000      0.000      0.000      1.000      0.000      2.000 11598407960.
    15.000      0.000      0.000      0.000      0.000      1.000      0.000      2.000 11598403373.
     0.000      0.000      0.000     30.000      0.000      1.000      0.000      2.000 11598402662.
     0.000      0.000      0.000      0.000      0.000      1.000      0.000      2.000 11598401359.
     5.000      0.000      0.000      0.000      0.000      1.000      0.000      2.000 11598391870.
     0.000      0.000      0.000      0.000      0.000      1.000      0.000      2.000 11598385535.
    15.000      0.000      0.000      0.000      0.000      1.000      0.000      2.000 11598379128.
     0.000      0.000      0.000      0.000      0.000      1.000      0.000      2.000 11598378683.
    45.000      0.000      0.000      0.000      0.000      1.000      0.000      2.000 11598375159.
    45.000      0.000      0.000      0.000      0.000      1.000      0.000      2.000 11598340457.
    60.000      0.000      0.000      0.000      0.000      1.000      0.000      2.000 11598331229.
     5.000      6.000      0.000      4.000      0.000      1.000      0.000      2.000 11598326039.
     7.000      0.000      0.000      0.000      0.000      1.000      0.000      2.000 11598322020.
     5.000      0.000      0.000      0.000      0.000      1.000      0.000      2.000 11598315735.
    15.000      0.000      0.000      0.000      0.000      1.000      0.000      2.000 11598313080.
     0.000      0.000      0.000      0.000      0.000      1.000      0.000      2.000 11598307721.
    30.000    265.000      0.000     38.000      0.000      1.000      0.000      2.000 11598303089.
     0.000     24.000      0.000      0.000      0.000      1.000      0.000      2.000 11598301591.
     0.000     20.000      6.000      0.000      0.000      1.000      0.000      2.000 11598299015.
     0.000      0.000      0.000      0.000      0.000      1.000      0.000      2.000 11598298427.
    15.000      0.000      0.000      0.000      0.000      1.000      0.000      2.000 11598297790.
     0.000     15.000     15.000      0.000      0.000      1.000      0.000      2.000 11598295539.
     0.000      0.000      0.000      0.000      0.000      1.000      0.000      2.000 11598293532.
     0.000      0.000      0.000      0.000      0.000      1.000      0.000      2.000 11598289575.
     0.000      0.000      0.000      0.000      0.000      1.000      0.000      2.000 11598289491.
     0.000      0.000      0.000      0.000      0.000      1.000      0.000      2.000 11598286694.
     0.000      0.000      0.000      0.000      0.000      1.000      0.000      2.000 11598277743.
     0.000      0.000      0.000      0.000      0.000      1.000      0.000      2.000 11598271797.
     0.000      0.000      0.000      0.000      0.000      1.000      0.000      2.000 11598267455.
     0.000      0.000      0.000      0.000      0.000      1.000      0.000      2.000 11598261500.
    30.000      0.000      0.000      0.000      0.000      1.000      0.000      2.000 11598260455.
     0.000      0.000      0.000      0.000      0.000      1.000      0.000      2.000 11598258486.
     0.000      0.000      0.000      0.000      0.000      1.000      0.000      2.000 11598256357.
    10.000     80.000      5.000     10.000      0.000      1.000      0.000      2.000 11598256337.
     6.000     15.000      4.000      3.000      0.000      1.000      0.000      2.000 11598244939.
     0.000      0.000      0.000      0.000      0.000      1.000      0.000      2.000 11598228841.
     0.000      0.000      0.000      0.000      0.000      1.000      0.000      2.000 11598223221.
     0.000      0.000      0.000      0.000      0.000      1.000      0.000      2.000 11598217902.
     0.000      0.000      0.000      0.000      0.000      1.000      0.000      2.000 11598217112.
     0.000      0.000      0.000      0.000      0.000      1.000      0.000      2.000 11598210208.
    20.000      0.000      0.000      0.000      0.000      1.000      0.000      2.000 11598209429.
     8.000      0.000      0.000      0.000      0.000      1.000      0.000      2.000 11598200769.
    30.000     70.000      0.000      0.000      0.000      1.000      0.000      2.000 11598200581.
     0.000     12.000     15.000      0.000      0.000      1.000      0.000      2.000 11598199336.
     0.000      0.000      0.000      0.000      0.000      1.000      0.000      2.000 11598194224.
    30.000      0.000      0.000      0.000      0.000      1.000      0.000      2.000 11598194185.
     0.000      0.000      0.000      0.000      0.000      1.000      0.000      2.000 11598191905.
     0.000      0.000      0.000      0.000      0.000      1.000      0.000      2.000 11598190365.
     0.000      0.000      0.000      0.000      0.000      1.000      0.000      2.000 11598188089.
    45.000     30.000      0.000      0.000      0.000      1.000      0.000      2.000 11598186396.
     0.000      0.000      0.000      0.000      0.000      1.000      0.000      2.000 11598185872.
    10.000      0.000      0.000      0.000      0.000      1.000      0.000      2.000 11598177030.
     0.000      0.000      0.000      0.000      0.000      1.000      0.000      2.000 11598175408.
     0.000      0.000     20.000      0.000      0.000      1.000      0.000      2.000 11598173739.
     6.000      0.000      0.000      0.000      0.000      1.000      0.000      2.000 11598168234.
    20.000      0.000      0.000      0.000      0.000      1.000      0.000      2.000 11598162687.
     0.000      0.000      0.000      0.000      0.000      1.000      0.000      2.000 11598160118.
    90.000      0.000      0.000      0.000      0.000      1.000      0.000      2.000 11598159723.
     0.000    170.000      0.000      0.000      0.000      1.000      0.000      2.000 11598158945.
     0.000      0.000      0.000      0.000      0.000      1.000      0.000      2.000 11598156096.
     0.000      0.000      0.000      0.000      0.000      1.000      0.000      2.000 11598152753.
     0.000     90.000      0.000     15.000      0.000      1.000      0.000      2.000 11598151482.
     0.000      0.000      0.000      0.000      0.000      1.000      0.000      2.000 11598150120.
    15.000      0.000      0.000      0.000      0.000      1.000      0.000      2.000 11598145469.
    25.000      0.000      0.000      0.000      0.000      1.000      0.000      2.000 11598145103.
    10.000      0.000      0.000      0.000      0.000      1.000      0.000      2.000 11598143828.
     0.000      5.000     20.000      0.000      0.000      1.000      0.000      2.000 11598134132.
    46.000     65.000      0.000      0.000      0.000      1.000      0.000      2.000 11598130753.
    10.000      0.000      0.000      0.000      0.000      1.000      0.000      2.000 11598122192.
     0.000      0.000      0.000      0.000      0.000      1.000      0.000      2.000 11598116812.
     0.000      0.000      0.000      0.000      0.000      1.000      0.000      2.000 11598115820.
     0.000      0.000      0.000      0.000      0.000      1.000      0.000      2.000 11598114375.
     0.000      4.000      0.000      0.000      0.000      1.000      0.000      2.000 11598109153.
     0.000      0.000      0.000      0.000      0.000      1.000      0.000      2.000 11598103141.
     0.000      0.000      0.000      0.000      0.000      1.000      0.000      2.000 11598102092.
     0.000     45.000      0.000      0.000      0.000      1.000      0.000      2.000 11598096300.
    30.000      0.000      0.000      0.000      0.000      1.000      0.000      2.000 11598095921.
     0.000      7.000      0.000      0.000      0.000      1.000      0.000      2.000 11598094654.
     0.000     20.000     10.000      0.000      0.000      1.000      0.000      2.000 11598093254.
     0.000      0.000      0.000      0.000      0.000      1.000      0.000      2.000 11598089043.
    20.000      0.000      0.000      0.000      0.000      1.000      0.000      2.000 11598088963.
    10.000      0.000      0.000      0.000      0.000      1.000      0.000      2.000 11598085903.
    15.000      0.000      0.000      0.000      0.000      1.000      0.000      2.000 11598084404.
    60.000      0.000      0.000      0.000      0.000      1.000      0.000      2.000 11598082157.
     0.000    180.000     35.000      0.000      0.000      0.000      1.000      3.000 11598081538.
     5.000     20.000      6.000      0.000      0.000      1.000      0.000      2.000 11598081494.
     0.000     10.000      7.000      0.000      0.000      1.000      0.000      2.000 11598079927.
     0.000      0.000      0.000      0.000      0.000      1.000      0.000      2.000 11598074518.
    45.000      0.000      0.000      0.000      0.000      1.000      0.000      2.000 11598071144.
     0.000      0.000     20.000      0.000      0.000      1.000      0.000      2.000 11598069648.
   150.000      0.000      0.000      0.000      0.000      1.000      0.000      2.000 11598068780.
     0.000      0.000      0.000      0.000      0.000      1.000      0.000      2.000 11598067928.
     0.000      3.000      2.000      0.000      0.000      1.000      0.000      2.000 11598066828.
    45.000      0.000     45.000     45.000      0.000      0.000      1.000      3.000 11598064602.
    60.000    203.000     37.000      0.000      0.000      0.000      1.000      3.000 11598062330.
    45.000      0.000      0.000      0.000      0.000      1.000      0.000      2.000 11598060981.
     0.000     25.000      5.000      0.000      0.000      1.000      0.000      2.000 11598060733.
    15.000      0.000      0.000      0.000      0.000      1.000      0.000      2.000 11598060679.
     0.000      0.000      0.000      0.000      0.000      1.000      0.000      2.000 11598059676.
    30.000      0.000      0.000      0.000      0.000      1.000      0.000      2.000 11598056711.
    20.000     30.000     20.000      0.000      0.000      0.999      0.001      2.000 11598052159.
     5.000      0.000      0.000      0.000      0.000      1.000      0.000      2.000 11598050914.
    35.000      0.000      0.000      0.000      0.000      1.000      0.000      2.000 11598049514.
    40.000      0.000      0.000      0.000      0.000      1.000      0.000      2.000 11598049198.
     0.000      0.000      0.000      0.000      0.000      1.000      0.000      2.000 11598049134.
     0.000      0.000      0.000      0.000      0.000      1.000      0.000      2.000 11598048872.
     0.000      0.000      0.000      0.000      0.000      1.000      0.000      2.000 11598035189.
    10.000      0.000      0.000     10.000      0.000      1.000      0.000      2.000 11598034407.
     0.000      0.000      0.000      0.000      0.000      1.000      0.000      2.000 11598027556.
     0.000      0.000      0.000      0.000      0.000      1.000      0.000      2.000 11598023998.
     0.000      0.000      0.000      0.000      0.000      1.000      0.000      2.000 11598023737.
     0.000      1.000      1.000      0.000      0.000      1.000      0.000      2.000 11598023322.
     0.000      7.000      0.000      0.000      0.000      1.000      0.000      2.000 11598022501.
     5.000      0.000      0.000      0.000      0.000      1.000      0.000      2.000 11598022431.
     0.000      0.000      0.000      0.000      0.000      1.000      0.000      2.000 11598020360.
    70.000      0.000      0.000      0.000      0.000      1.000      0.000      2.000 11598019932.
    11.000     20.000      0.000      0.000      0.000      1.000      0.000      2.000 11598017073.
    25.000      0.000      0.000      0.000      0.000      1.000      0.000      2.000 11598015901.
    10.000      0.000      0.000      0.000      0.000      1.000      0.000      2.000 11598014815.
     0.000      0.000      0.000      0.000      0.000      1.000      0.000      2.000 11598013943.
    30.000      0.000      0.000      0.000      0.000      1.000      0.000      2.000 11598013419.
     0.000      1.000      0.000      0.000      0.000      1.000      0.000      2.000 11598013234.
     0.000      0.000      0.000      0.000      0.000      1.000      0.000      2.000 11598010410.
     0.000      0.000      0.000      0.000      0.000      1.000      0.000      2.000 11598007602.
     0.000      0.000      0.000      0.000      0.000      1.000      0.000      2.000 11598006501.
     0.000      0.000      0.000     30.000      0.000      1.000      0.000      2.000 11598005622.
     0.000      0.000      0.000      0.000      0.000      1.000      0.000      2.000 11598005020.
     0.000      0.000      0.000      0.000      0.000      1.000      0.000      2.000 11598002936.
     0.000     15.000      0.000      0.000      0.000      1.000      0.000      2.000 11598002630.
     0.000      2.000      0.000      0.000      0.000      1.000      0.000      2.000 11598002068.
    15.000      0.000      0.000      0.000      0.000      1.000      0.000      2.000 11598001930.
     0.000      0.000      0.000      0.000      0.000      1.000      0.000      2.000 11598001553.
     0.000      0.000      0.000      0.000      0.000      1.000      0.000      2.000 11597998829.
     0.000      0.000      0.000      0.000      0.000      1.000      0.000      2.000 11597997888.
     0.000      0.000      0.000      0.000      0.000      1.000      0.000      2.000 11597991813.
     0.000      0.000      0.000      0.000      0.000      1.000      0.000      2.000 11597991307.
     0.000      0.000      0.000      0.000      0.000      1.000      0.000      2.000 11597990888.
     0.000      0.000      0.000      0.000      0.000      1.000      0.000      2.000 11597989103.
    50.000      0.000      0.000      0.000      0.000      1.000      0.000      2.000 11597986762.
     0.000      0.000      0.000      0.000      0.000      1.000      0.000      2.000 11597986681.
    12.000      0.000      0.000      0.000      0.000      1.000      0.000      2.000 11597981221.
     0.000     20.000      0.000     90.000      0.000      1.000      0.000      2.000 11597976814.
     0.000      0.000      0.000      0.000      0.000      1.000      0.000      2.000 11597975776.
     0.000      0.000      0.000      0.000      0.000      1.000      0.000      2.000 11597962607.
     0.000      0.000      0.000      0.000      0.000      1.000      0.000      2.000 11597958822.
    35.000    650.000     45.000      0.000      0.000      0.000      1.000      3.000 11597958777.
     0.000      0.000      0.000      0.000      0.000      1.000      0.000      2.000 11597955922.
     0.000      0.000      0.000      0.000      0.000      1.000      0.000      2.000 11597950138.
    60.000      0.000      0.000      0.000      0.000      1.000      0.000      2.000 11597947492.
    30.000      0.000      0.000      0.000      0.000      1.000      0.000      2.000 11597946729.
    20.000     20.000     25.000      0.000      0.000      0.741      0.259      2.000 11597940612.
     5.000     15.000      5.000      0.000      0.000      1.000      0.000      2.000 11597939077.
    15.000      0.000      0.000      0.000      0.000      1.000      0.000      2.000 11597937379.
     3.000     25.000      0.000     10.000      0.000      1.000      0.000      2.000 11597934392.
    65.000      0.000      0.000      0.000      0.000      1.000      0.000      2.000 11592592910.
     0.000    135.000     25.000     25.000      0.000      0.001      0.999      3.000 11592522417.
    20.000      0.000      0.000      0.000      0.000      1.000      0.000      2.000 11592519129.
    50.000      0.000      0.000      0.000      0.000      1.000      0.000      2.000 11592502768.
   120.000      0.000      0.000      0.000      0.000      1.000      0.000      2.000 11592483731.
    15.000      0.000      0.000      0.000      0.000      1.000      0.000      2.000 11592476180.
    45.000      0.000      0.000      0.000      0.000      1.000      0.000      2.000 11592308027.
     0.000      0.000      0.000      0.000      0.000      1.000      0.000      2.000 11592259464.
    30.000      0.000     30.000     60.000      0.000      0.000      1.000      3.000 11592258744.
    10.000      0.000      0.000      0.000      0.000      1.000      0.000      2.000 11592231514.
    30.000      0.000      0.000      0.000      0.000      1.000      0.000      2.000 11592201873.
    15.000      0.000      0.000      0.000      0.000      1.000      0.000      2.000 11592132552.
     0.000      0.000      0.000      0.000      0.000      1.000      0.000      2.000 11592097476.
    75.000      0.000      0.000      0.000      0.000      1.000      0.000      2.000 11592082770.
     0.000      0.000      0.000      0.000      0.000      1.000      0.000      2.000 11592063632.
    60.000      0.000      0.000      0.000      0.000      1.000      0.000      2.000 11591970322.
    20.000      0.000      0.000      0.000      0.000      1.000      0.000      2.000 11591915325.
    60.000      0.000      0.000      0.000      0.000      1.000      0.000      2.000 11591879214.
     0.000      0.000      0.000      0.000      0.000      1.000      0.000      2.000 11591872987.
    75.000      0.000      0.000      0.000      0.000      1.000      0.000      2.000 11591792943.
    45.000      0.000     45.000     45.000      0.000      0.000      1.000      3.000 11591555407.
     0.000     30.000      0.000      0.000      0.000      1.000      0.000      2.000 11591500258.
     8.000      0.000     10.000      0.000      0.000      1.000      0.000      2.000 11590885944.
    25.000      0.000      0.000      0.000      0.000      1.000      0.000      2.000 11590663660.
