     0.000      0.000      0.000      1.000      0.000      0.000      0.000      0.000      0.006      0.000      0.004      0.000      0.989      5.000 11616671212.
     0.000      0.000      0.000      1.000      0.000      0.000      0.000      0.000      0.006      0.000      0.004      0.000      0.989      5.000 11616208935.
     0.000      0.000      0.000      0.000      0.000      0.000      0.000      1.000      0.000      0.000      0.000      1.000      0.000      4.000 11615605880.
     0.000      0.000      0.000      1.000      0.000      0.000      0.000      0.000      0.006      0.000      0.004      0.000      0.989      5.000 11615195849.
     0.000      0.000      0.000      0.000      1.000      0.000      1.000      0.000      0.000      0.909      0.091      0.000      0.000      2.000 11614973789.
     0.000      0.000      0.000      1.000      0.000      0.000      0.000      0.000      0.006      0.000      0.004      0.000      0.989      5.000 11614824009.
     0.000      0.000      0.000      1.000      0.000      0.000      0.000      0.000      0.006      0.000      0.004      0.000      0.989      5.000 11614748674.
     0.000      0.000      0.000      1.000      0.000      0.000      0.000      0.000      0.006      0.000      0.004      0.000      0.989      5.000 11614738060.
     0.000      0.000      0.000      1.000      0.000      0.000      0.000      0.000      0.006      0.000      0.004      0.000      0.989      5.000 11613913112.
     0.000      0.000      0.000      1.000      0.000      0.000      0.000      0.000      0.006      0.000      0.004      0.000      0.989      5.000 11613342926.
     0.000      1.000      0.000      0.000      0.000      0.000      0.000      0.000      0.337      0.000      0.663      0.000      0.000      3.000 11613142060.
     0.000      0.000      0.000      1.000      0.000      0.000      0.000      0.000      0.006      0.000      0.004      0.000      0.989      5.000 11613078697.
     0.000      0.000      0.000      1.000      0.000      0.000      0.000      0.000      0.006      0.000      0.004      0.000      0.989      5.000 11612590794.
     0.000      0.000      0.000      1.000      0.000      0.000      0.000      0.000      0.006      0.000      0.004      0.000      0.989      5.000 11611727565.
     0.000      0.000      0.000      1.000      0.000      0.000      0.000      0.000      0.006      0.000      0.004      0.000      0.989      5.000 11611325390.
     0.000      0.000      0.000      1.000      0.000      0.000      0.000      0.000      0.006      0.000      0.004      0.000      0.989      5.000 11611271593.
     0.000      0.000      0.000      1.000      0.000      0.000      0.000      0.000      0.006      0.000      0.004      0.000      0.989      5.000 11611265179.
     0.000      0.000      0.000      0.000      1.000      0.000      0.000      0.000      0.010      0.947      0.044      0.000      0.000      2.000 11611231851.
     0.000      0.000      0.000      1.000      0.000      0.000      0.000      0.000      0.006      0.000      0.004      0.000      0.989      5.000 11611110503.
     0.000      0.000      0.000      0.000      1.000      0.000      0.000      0.000      0.010      0.947      0.044      0.000      0.000      2.000 11610991053.
     0.000      0.000      0.000      1.000      0.000      0.000      0.000      0.000      0.006      0.000      0.004      0.000      0.989      5.000 11610888323.
     0.000      0.000      0.000      1.000      0.000      0.000      0.000      0.000      0.006      0.000      0.004      0.000      0.989      5.000 11610833994.
     0.000      0.000      0.000      1.000      0.000      0.000      0.000      0.000      0.006      0.000      0.004      0.000      0.989      5.000 11610803071.
     0.000      0.000      0.000      1.000      1.000      0.000      0.000      0.000      0.024      0.970      0.006      0.000      0.000      2.000 11610734288.
     0.000      0.000      0.000      1.000      0.000      0.000      0.000      0.000      0.006      0.000      0.004      0.000      0.989      5.000 11610658672.
     1.000      1.000      1.000      1.000      0.000      1.000      0.000      0.000      0.987      0.000      0.013      0.000      0.000      1.000 11610591106.
     0.000      0.000      0.000      1.000      0.000      0.000      0.000      0.000      0.006      0.000      0.004      0.000      0.989      5.000 11610462211.
     1.000      0.000      0.000      1.000      0.000      0.000      0.000      0.000      0.635      0.000      0.007      0.000      0.358      1.000 11610300799.
     0.000      0.000      0.000      0.000      0.000      0.000      0.000      1.000      0.000      0.000      0.000      1.000      0.000      4.000 11610272066.
     0.000      0.000      0.000      1.000      0.000      0.000      0.000      0.000      0.006      0.000      0.004      0.000      0.989      5.000 11610175542.
     0.000      0.000      0.000      1.000      0.000      0.000      1.000      0.000      0.000      0.000      0.026      0.000      0.974      5.000 11610130615.
     0.000      0.000      0.000      1.000      0.000      0.000      0.000      0.000      0.006      0.000      0.004      0.000      0.989      5.000 11610033071.
     0.000      0.000      0.000      0.000      0.000      0.000      0.000      1.000      0.000      0.000      0.000      1.000      0.000      4.000 11609997324.
     0.000      0.000      0.000      1.000      0.000      0.000      1.000      0.000      0.000      0.000      0.026      0.000      0.974      5.000 11609904245.
     0.000      0.000      0.000      1.000      0.000      0.000      0.000      0.000      0.006      0.000      0.004      0.000      0.989      5.000 11609856813.
     0.000      0.000      0.000      0.000      0.000      1.000      0.000      0.000      0.034      0.000      0.966      0.000      0.000      3.000 11609518422.
     0.000      0.000      0.000      1.000      0.000      0.000      0.000      0.000      0.006      0.000      0.004      0.000      0.989      5.000 11609505372.
     0.000      0.000      1.000      0.000      0.000      0.000      0.000      0.000      0.020      0.000      0.980      0.000      0.000      3.000 11609290782.
     0.000      0.000      0.000      1.000      0.000      0.000      0.000      0.000      0.006      0.000      0.004      0.000      0.989      5.000 11609234827.
     1.000      1.000      0.000      1.000      0.000      0.000      0.000      0.000      0.996      0.000      0.002      0.000      0.002      1.000 11609214816.
     0.000      0.000      0.000      1.000      0.000      0.000      0.000      0.000      0.006      0.000      0.004      0.000      0.989      5.000 11609199065.
     0.000      0.000      0.000      1.000      1.000      1.000      0.000      0.000      0.034      0.949      0.018      0.000      0.000      2.000 11609158069.
     0.000      0.000      1.000      0.000      0.000      0.000      0.000      0.000      0.020      0.000      0.980      0.000      0.000      3.000 11609109268.
     0.000      0.000      0.000      1.000      0.000      0.000      0.000      0.000      0.006      0.000      0.004      0.000      0.989      5.000 11609057863.
     0.000      0.000      0.000      1.000      1.000      1.000      0.000      0.000      0.034      0.949      0.018      0.000      0.000      2.000 11609007549.
     0.000      0.000      0.000      1.000      1.000      1.000      0.000      0.000      0.034      0.949      0.018      0.000      0.000      2.000 11608885273.
     0.000      0.000      0.000      1.000      0.000      0.000      0.000      0.000      0.006      0.000      0.004      0.000      0.989      5.000 11608858923.
     0.000      0.000      0.000      1.000      0.000      0.000      0.000      0.000      0.006      0.000      0.004      0.000      0.989      5.000 11608813406.
     0.000      0.000      0.000      1.000      0.000      0.000      0.000      0.000      0.006      0.000      0.004      0.000      0.989      5.000 11608775488.
     0.000      0.000      1.000      0.000      0.000      1.000      0.000      0.000      0.009      0.000      0.991      0.000      0.000      3.000 11608759796.
     0.000      0.000      0.000      0.000      0.000      0.000      0.000      1.000      0.000      0.000      0.000      1.000      0.000      4.000 11608560206.
     0.000      0.000      0.000      1.000      0.000      0.000      0.000      0.000      0.006      0.000      0.004      0.000      0.989      5.000 11608377082.
     0.000      0.000      0.000      1.000      0.000      0.000      0.000      0.000      0.006      0.000      0.004      0.000      0.989      5.000 11608304440.
     0.000      0.000      0.000      1.000      0.000      0.000      0.000      0.000      0.006      0.000      0.004      0.000      0.989      5.000 11608231620.
     0.000      0.000      1.000      1.000      0.000      1.000      0.000      0.000      0.143      0.000      0.793      0.000      0.064      3.000 11608201239.
     0.000      0.000      0.000      1.000      0.000      0.000      0.000      0.000      0.006      0.000      0.004      0.000      0.989      5.000 11608154945.
     0.000      0.000      0.000      1.000      0.000      0.000      0.000      0.000      0.006      0.000      0.004      0.000      0.989      5.000 11608043219.
     0.000      0.000      0.000      0.000      0.000      1.000      0.000      0.000      0.034      0.000      0.966      0.000      0.000      3.000 11608039100.
     0.000      0.000      0.000      1.000      0.000      0.000      0.000      0.000      0.006      0.000      0.004      0.000      0.989      5.000 11608023650.
     0.000      0.000      0.000      1.000      0.000      0.000      0.000      0.000      0.006      0.000      0.004      0.000      0.989      5.000 11607928466.
     0.000      0.000      0.000      1.000      0.000      0.000      0.000      0.000      0.006      0.000      0.004      0.000      0.989      5.000 11607700596.
     0.000      0.000      0.000      1.000      1.000      0.000      0.000      0.000      0.024      0.970      0.006      0.000      0.000      2.000 11607589369.
     0.000      0.000      0.000      1.000      0.000      0.000      0.000      0.000      0.006      0.000      0.004      0.000      0.989      5.000 11607469993.
     0.000      0.000      0.000      1.000      0.000      0.000      0.000      0.000      0.006      0.000      0.004      0.000      0.989      5.000 11607432099.
     0.000      0.000      0.000      1.000      0.000      1.000      0.000      0.000      0.099      0.000      0.146      0.000      0.755      5.000 11607423287.
     0.000      0.000      0.000      1.000      0.000      0.000      0.000      0.000      0.006      0.000      0.004      0.000      0.989      5.000 11607406682.
     0.000      0.000      1.000      0.000      0.000      1.000      0.000      0.000      0.009      0.000      0.991      0.000      0.000      3.000 11607380106.
     0.000      0.000      0.000      0.000      0.000      0.000      0.000      1.000      0.000      0.000      0.000      1.000      0.000      4.000 11607372417.
     0.000      0.000      0.000      1.000      1.000      0.000      0.000      0.000      0.024      0.970      0.006      0.000      0.000      2.000 11607363338.
     1.000      1.000      0.000      1.000      0.000      0.000      0.000      0.000      0.996      0.000      0.002      0.000      0.002      1.000 11607324665.
     0.000      1.000      0.000      1.000      0.000      0.000      0.000      0.000      0.604      0.000      0.061      0.000      0.335      1.000 11607320279.
     0.000      1.000      0.000      0.000      0.000      0.000      0.000      0.000      0.337      0.000      0.663      0.000      0.000      3.000 11607315716.
     0.000      0.000      0.000      0.000      0.000      0.000      0.000      1.000      0.000      0.000      0.000      1.000      0.000      4.000 11607312051.
     0.000      0.000      0.000      1.000      0.000      0.000      0.000      0.000      0.006      0.000      0.004      0.000      0.989      5.000 11607300332.
     0.000      0.000      0.000      1.000      1.000      1.000      0.000      0.000      0.034      0.949      0.018      0.000      0.000      2.000 11607255621.
     0.000      0.000      0.000      1.000      0.000      0.000      0.000      0.000      0.006      0.000      0.004      0.000      0.989      5.000 11607251508.
     0.000      0.000      0.000      1.000      0.000      0.000      0.000      0.000      0.006      0.000      0.004      0.000      0.989      5.000 11607251238.
     0.000      0.000      1.000      1.000      0.000      0.000      0.000      0.000      0.079      0.000      0.198      0.000      0.724      5.000 11607241551.
     0.000      0.000      0.000      1.000      0.000      0.000      0.000      0.000      0.006      0.000      0.004      0.000      0.989      5.000 11607194934.
     0.000      0.000      0.000      1.000      0.000      0.000      0.000      0.000      0.006      0.000      0.004      0.000      0.989      5.000 11607181753.
     0.000      0.000      0.000      0.000      0.000      0.000      0.000      1.000      0.000      0.000      0.000      1.000      0.000      4.000 11607169139.
     0.000      1.000      0.000      0.000      1.000      0.000      1.000      0.000      0.000      0.548      0.452      0.000      0.000      2.000 11607116124.
     0.000      0.000      0.000      1.000      0.000      0.000      0.000      0.000      0.006      0.000      0.004      0.000      0.989      5.000 11607110129.
     0.000      0.000      0.000      0.000      1.000      0.000      0.000      0.000      0.010      0.947      0.044      0.000      0.000      2.000 11607061501.
     0.000      0.000      0.000      1.000      0.000      0.000      0.000      0.000      0.006      0.000      0.004      0.000      0.989      5.000 11607028938.
     0.000      1.000      1.000      0.000      0.000      1.000      1.000      0.000      0.000      0.000      1.000      0.000      0.000      3.000 11607005537.
     0.000      0.000      0.000      1.000      0.000      0.000      0.000      0.000      0.006      0.000      0.004      0.000      0.989      5.000 11606980994.
     0.000      0.000      0.000      1.000      0.000      0.000      0.000      0.000      0.006      0.000      0.004      0.000      0.989      5.000 11606980587.
     0.000      0.000      0.000      1.000      0.000      0.000      0.000      0.000      0.006      0.000      0.004      0.000      0.989      5.000 11606967790.
     0.000      1.000      0.000      0.000      0.000      0.000      0.000      0.000      0.337      0.000      0.663      0.000      0.000      3.000 11606961035.
     0.000      0.000      0.000      1.000      0.000      0.000      0.000      0.000      0.006      0.000      0.004      0.000      0.989      5.000 11606929839.
     0.000      0.000      0.000      1.000      0.000      0.000      0.000      0.000      0.006      0.000      0.004      0.000      0.989      5.000 11606925865.
     0.000      0.000      0.000      1.000      0.000      0.000      0.000      0.000      0.006      0.000      0.004      0.000      0.989      5.000 11606874584.
     0.000      0.000      0.000      1.000      0.000      0.000      0.000      0.000      0.006      0.000      0.004      0.000      0.989      5.000 11606871149.
     0.000      0.000      1.000      1.000      1.000      0.000      0.000      0.000      0.129      0.757      0.115      0.000      0.000      2.000 11606745799.
     0.000      1.000      1.000      0.000      1.000      1.000      0.000      0.000      0.143      0.026      0.831      0.000      0.000      3.000 11606653326.
     0.000      0.000      0.000      1.000      0.000      0.000      0.000      0.000      0.006      0.000      0.004      0.000      0.989      5.000 11606425949.
     0.000      0.000      0.000      0.000      0.000      0.000      0.000      1.000      0.000      0.000      0.000      1.000      0.000      4.000 11606388447.
     0.000      0.000      0.000      1.000      0.000      0.000      0.000      0.000      0.006      0.000      0.004      0.000      0.989      5.000 11606310230.
     0.000      0.000      0.000      0.000      0.000      0.000      0.000      1.000      0.000      0.000      0.000      1.000      0.000      4.000 11606181184.
     0.000      0.000      0.000      1.000      0.000      0.000      0.000      0.000      0.006      0.000      0.004      0.000      0.989      5.000 11606047734.
     0.000      0.000      0.000      1.000      0.000      0.000      0.000      0.000      0.006      0.000      0.004      0.000      0.989      5.000 11606019374.
     0.000      0.000      0.000      1.000      0.000      0.000      0.000      0.000      0.006      0.000      0.004      0.000      0.989      5.000 11605912061.
     0.000      0.000      0.000      1.000      0.000      0.000      0.000      0.000      0.006      0.000      0.004      0.000      0.989      5.000 11605890481.
     0.000      0.000      0.000      1.000      0.000      1.000      0.000      0.000      0.099      0.000      0.146      0.000      0.755      5.000 11605736879.
     0.000      0.000      0.000      1.000      0.000      0.000      0.000      0.000      0.006      0.000      0.004      0.000      0.989      5.000 11605637286.
     0.000      0.000      0.000      1.000      0.000      0.000      0.000      0.000      0.006      0.000      0.004      0.000      0.989      5.000 11605335526.
     0.000      0.000      1.000      0.000      0.000      1.000      0.000      0.000      0.009      0.000      0.991      0.000      0.000      3.000 11605333758.
     0.000      0.000      0.000      1.000      0.000      1.000      0.000      0.000      0.099      0.000      0.146      0.000      0.755      5.000 11605279136.
     0.000      0.000      0.000      1.000      0.000      0.000      0.000      0.000      0.006      0.000      0.004      0.000      0.989      5.000 11605271163.
     0.000      1.000      0.000      1.000      0.000      0.000      0.000      0.000      0.604      0.000      0.061      0.000      0.335      1.000 11605236993.
     0.000      0.000      0.000      1.000      1.000      1.000      0.000      0.000      0.034      0.949      0.018      0.000      0.000      2.000 11605227680.
     0.000      0.000      0.000      1.000      0.000      0.000      0.000      0.000      0.006      0.000      0.004      0.000      0.989      5.000 11605221671.
     0.000      0.000      0.000      1.000      1.000      0.000      0.000      0.000      0.024      0.970      0.006      0.000      0.000      2.000 11604948177.
     0.000      0.000      0.000      0.000      0.000      0.000      0.000      1.000      0.000      0.000      0.000      1.000      0.000      4.000 11604942694.
     0.000      0.000      0.000      0.000      0.000      0.000      0.000      1.000      0.000      0.000      0.000      1.000      0.000      4.000 11604881878.
     0.000      0.000      0.000      1.000      0.000      0.000      0.000      0.000      0.006      0.000      0.004      0.000      0.989      5.000 11604788234.
     0.000      0.000      0.000      1.000      0.000      0.000      0.000      0.000      0.006      0.000      0.004      0.000      0.989      5.000 11604717295.
     0.000      1.000      0.000      1.000      1.000      0.000      0.000      0.000      0.561      0.419      0.020      0.000      0.000      1.000 11604667869.
     0.000      0.000      0.000      1.000      0.000      0.000      0.000      0.000      0.006      0.000      0.004      0.000      0.989      5.000 11604406991.
     1.000      1.000      0.000      1.000      0.000      0.000      0.000      0.000      0.996      0.000      0.002      0.000      0.002      1.000 11604284971.
     1.000      1.000      0.000      1.000      0.000      0.000      0.000      0.000      0.996      0.000      0.002      0.000      0.002      1.000 11604101120.
     0.000      0.000      1.000      1.000      0.000      0.000      0.000      0.000      0.079      0.000      0.198      0.000      0.724      5.000 11603994443.
     0.000      0.000      0.000      0.000      0.000      0.000      0.000      1.000      0.000      0.000      0.000      1.000      0.000      4.000 11603989380.
     0.000      1.000      0.000      0.000      0.000      0.000      0.000      0.000      0.337      0.000      0.663      0.000      0.000      3.000 11603961611.
     0.000      0.000      0.000      1.000      0.000      0.000      0.000      1.000      0.015      0.000      0.000      0.985      0.000      4.000 11603960431.
     0.000      0.000      0.000      1.000      0.000      0.000      0.000      0.000      0.006      0.000      0.004      0.000      0.989      5.000 11603958059.
     0.000      0.000      1.000      0.000      1.000      1.000      0.000      0.000      0.020      0.201      0.779      0.000      0.000      3.000 11603937810.
     0.000      0.000      0.000      1.000      0.000      0.000      0.000      0.000      0.006      0.000      0.004      0.000      0.989      5.000 11603849315.
     0.000      0.000      0.000      0.000      1.000      0.000      0.000      0.000      0.010      0.947      0.044      0.000      0.000      2.000 11603840243.
     0.000      0.000      0.000      1.000      0.000      0.000      0.000      0.000      0.006      0.000      0.004      0.000      0.989      5.000 11603822153.
     0.000      0.000      0.000      1.000      0.000      0.000      0.000      0.000      0.006      0.000      0.004      0.000      0.989      5.000 11603798178.
     0.000      0.000      0.000      1.000      0.000      0.000      0.000      0.000      0.006      0.000      0.004      0.000      0.989      5.000 11603797055.
     0.000      0.000      0.000      1.000      0.000      0.000      0.000      0.000      0.006      0.000      0.004      0.000      0.989      5.000 11603796228.
     0.000      0.000      1.000      0.000      0.000      0.000      0.000      0.000      0.020      0.000      0.980      0.000      0.000      3.000 11603781706.
     0.000      0.000      0.000      1.000      0.000      0.000      0.000      0.000      0.006      0.000      0.004      0.000      0.989      5.000 11603763625.
     0.000      0.000      0.000      1.000      1.000      0.000      0.000      0.000      0.024      0.970      0.006      0.000      0.000      2.000 11603745609.
     0.000      0.000      0.000      1.000      0.000      0.000      0.000      0.000      0.006      0.000      0.004      0.000      0.989      5.000 11603716442.
     0.000      0.000      0.000      1.000      0.000      0.000      0.000      0.000      0.006      0.000      0.004      0.000      0.989      5.000 11603680743.
     0.000      0.000      0.000      0.000      1.000      0.000      0.000      0.000      0.010      0.947      0.044      0.000      0.000      2.000 11603678975.
     0.000      0.000      0.000      1.000      1.000      1.000      0.000      0.000      0.034      0.949      0.018      0.000      0.000      2.000 11603675816.
     0.000      0.000      0.000      0.000      0.000      1.000      0.000      0.000      0.034      0.000      0.966      0.000      0.000      3.000 11603674967.
     0.000      0.000      1.000      0.000      0.000      0.000      0.000      0.000      0.020      0.000      0.980      0.000      0.000      3.000 11603668099.
     0.000      0.000      0.000      1.000      0.000      0.000      0.000      0.000      0.006      0.000      0.004      0.000      0.989      5.000 11603664423.
     0.000      0.000      0.000      1.000      0.000      0.000      0.000      0.000      0.006      0.000      0.004      0.000      0.989      5.000 11603660447.
     0.000      0.000      0.000      1.000      0.000      0.000      0.000      0.000      0.006      0.000      0.004      0.000      0.989      5.000 11603642262.
     0.000      0.000      0.000      1.000      1.000      1.000      0.000      0.000      0.034      0.949      0.018      0.000      0.000      2.000 11603639482.
     0.000      0.000      0.000      1.000      0.000      0.000      0.000      0.000      0.006      0.000      0.004      0.000      0.989      5.000 11603629908.
     0.000      1.000      0.000      1.000      0.000      0.000      0.000      0.000      0.604      0.000      0.061      0.000      0.335      1.000 11603618807.
     0.000      0.000      1.000      0.000      0.000      1.000      0.000      0.000      0.009      0.000      0.991      0.000      0.000      3.000 11603607321.
     0.000      0.000      0.000      1.000      1.000      0.000      0.000      0.000      0.024      0.970      0.006      0.000      0.000      2.000 11603598072.
     0.000      0.000      0.000      1.000      0.000      0.000      0.000      0.000      0.006      0.000      0.004      0.000      0.989      5.000 11603592018.
     0.000      0.000      0.000      1.000      1.000      0.000      0.000      0.000      0.024      0.970      0.006      0.000      0.000      2.000 11603584425.
     0.000      0.000      0.000      1.000      0.000      0.000      0.000      0.000      0.006      0.000      0.004      0.000      0.989      5.000 11603579103.
     0.000      0.000      0.000      0.000      0.000      1.000      0.000      0.000      0.034      0.000      0.966      0.000      0.000      3.000 11603564841.
     0.000      0.000      0.000      1.000      0.000      0.000      0.000      0.000      0.006      0.000      0.004      0.000      0.989      5.000 11603553894.
     0.000      0.000      0.000      1.000      0.000      0.000      0.000      0.000      0.006      0.000      0.004      0.000      0.989      5.000 11603528672.
     0.000      0.000      0.000      1.000      0.000      0.000      0.000      0.000      0.006      0.000      0.004      0.000      0.989      5.000 11603523534.
     0.000      0.000      0.000      1.000      0.000      0.000      0.000      0.000      0.006      0.000      0.004      0.000      0.989      5.000 11603520698.
     0.000      0.000      0.000      1.000      0.000      0.000      0.000      0.000      0.006      0.000      0.004      0.000      0.989      5.000 11603514169.
     0.000      1.000      1.000      0.000      0.000      1.000      0.000      0.000      0.057      0.000      0.943      0.000      0.000      3.000 11603501212.
     0.000      0.000      0.000      1.000      0.000      0.000      0.000      0.000      0.006      0.000      0.004      0.000      0.989      5.000 11603488159.
     0.000      0.000      0.000      1.000      0.000      0.000      0.000      0.000      0.006      0.000      0.004      0.000      0.989      5.000 11603482356.
     0.000      0.000      0.000      1.000      0.000      0.000      0.000      0.000      0.006      0.000      0.004      0.000      0.989      5.000 11603480935.
     0.000      0.000      0.000      1.000      0.000      0.000      0.000      0.000      0.006      0.000      0.004      0.000      0.989      5.000 11603480193.
     0.000      0.000      0.000      0.000      0.000      0.000      0.000      1.000      0.000      0.000      0.000      1.000      0.000      4.000 11603471322.
     0.000      0.000      1.000      0.000      0.000      1.000      0.000      0.000      0.009      0.000      0.991      0.000      0.000      3.000 11603469198.
     0.000      0.000      0.000      0.000      0.000      0.000      0.000      1.000      0.000      0.000      0.000      1.000      0.000      4.000 11603460784.
     0.000      0.000      0.000      0.000      0.000      0.000      0.000      1.000      0.000      0.000      0.000      1.000      0.000      4.000 11603459844.
     1.000      0.000      0.000      1.000      1.000      1.000      0.000      0.000      0.992      0.000      0.008      0.000      0.000      1.000 11603456419.
     0.000      0.000      0.000      0.000      0.000      1.000      0.000      0.000      0.034      0.000      0.966      0.000      0.000      3.000 11603450708.
     0.000      0.000      0.000      1.000      1.000      1.000      0.000      0.000      0.034      0.949      0.018      0.000      0.000      2.000 11603439411.
     0.000      0.000      0.000      1.000      0.000      0.000      0.000      0.000      0.006      0.000      0.004      0.000      0.989      5.000 11603436767.
     0.000      0.000      1.000      1.000      1.000      1.000      0.000      0.000      0.142      0.578      0.279      0.000      0.000      2.000 11603432097.
     0.000      0.000      0.000      1.000      0.000      0.000      0.000      0.000      0.006      0.000      0.004      0.000      0.989      5.000 11603413458.
     0.000      1.000      0.000      0.000      0.000      0.000      1.000      0.000      0.000      0.000      1.000      0.000      0.000      3.000 11603410784.
     0.000      0.000      0.000      1.000      0.000      0.000      0.000      0.000      0.006      0.000      0.004      0.000      0.989      5.000 11603386592.
     0.000      0.000      0.000      1.000      0.000      0.000      0.000      0.000      0.006      0.000      0.004      0.000      0.989      5.000 11603378560.
     0.000      0.000      0.000      1.000      0.000      0.000      0.000      0.000      0.006      0.000      0.004      0.000      0.989      5.000 11603375960.
     0.000      0.000      0.000      1.000      0.000      0.000      0.000      0.000      0.006      0.000      0.004      0.000      0.989      5.000 11603369316.
     0.000      0.000      1.000      0.000      1.000      0.000      0.000      0.000      0.031      0.438      0.531      0.000      0.000      3.000 11603368736.
     0.000      0.000      0.000      1.000      0.000      1.000      0.000      0.000      0.099      0.000      0.146      0.000      0.755      5.000 11603368159.
     1.000      0.000      0.000      0.000      0.000      1.000      0.000      0.000      0.682      0.000      0.318      0.000      0.000      1.000 11603365218.
     0.000      0.000      0.000      0.000      0.000      0.000      0.000      1.000      0.000      0.000      0.000      1.000      0.000      4.000 11603365091.
     0.000      0.000      0.000      1.000      1.000      1.000      0.000      0.000      0.034      0.949      0.018      0.000      0.000      2.000 11603349077.
     0.000      0.000      0.000      1.000      0.000      0.000      0.000      0.000      0.006      0.000      0.004      0.000      0.989      5.000 11603339589.
     0.000      0.000      0.000      1.000      0.000      0.000      0.000      0.000      0.006      0.000      0.004      0.000      0.989      5.000 11603327576.
     0.000      0.000      0.000      0.000      0.000      0.000      0.000      1.000      0.000      0.000      0.000      1.000      0.000      4.000 11603326063.
     0.000      0.000      0.000      1.000      0.000      0.000      0.000      0.000      0.006      0.000      0.004      0.000      0.989      5.000 11603325611.
     0.000      0.000      0.000      1.000      0.000      0.000      0.000      0.000      0.006      0.000      0.004      0.000      0.989      5.000 11603310639.
     1.000      0.000      0.000      1.000      0.000      1.000      0.000      0.000      0.951      0.000      0.023      0.000      0.026      1.000 11603310587.
     0.000      0.000      0.000      1.000      0.000      0.000      0.000      0.000      0.006      0.000      0.004      0.000      0.989      5.000 11603307912.
     0.000      0.000      0.000      1.000      0.000      0.000      0.000      0.000      0.006      0.000      0.004      0.000      0.989      5.000 11603302767.
     0.000      1.000      0.000      1.000      0.000      1.000      0.000      0.000      0.800      0.000      0.178      0.000      0.022      1.000 11603302556.
     0.000      0.000      0.000      1.000      1.000      0.000      0.000      0.000      0.024      0.970      0.006      0.000      0.000      2.000 11603290505.
     0.000      0.000      0.000      1.000      0.000      0.000      0.000      0.000      0.006      0.000      0.004      0.000      0.989      5.000 11603282829.
     0.000      0.000      0.000      1.000      1.000      1.000      0.000      0.000      0.034      0.949      0.018      0.000      0.000      2.000 11603257857.
     0.000      1.000      0.000      1.000      0.000      0.000      0.000      0.000      0.604      0.000      0.061      0.000      0.335      1.000 11603256449.
     0.000      0.000      0.000      1.000      1.000      0.000      0.000      0.000      0.024      0.970      0.006      0.000      0.000      2.000 11603237937.
     0.000      1.000      0.000      1.000      0.000      1.000      0.000      0.000      0.800      0.000      0.178      0.000      0.022      1.000 11603221022.
     0.000      0.000      1.000      0.000      0.000      1.000      0.000      0.000      0.009      0.000      0.991      0.000      0.000      3.000 11603217050.
     0.000      0.000      0.000      1.000      0.000      0.000      0.000      0.000      0.006      0.000      0.004      0.000      0.989      5.000 11603204445.
     0.000      0.000      0.000      1.000      0.000      0.000      0.000      0.000      0.006      0.000      0.004      0.000      0.989      5.000 11603203544.
     0.000      0.000      1.000      0.000      0.000      1.000      0.000      0.000      0.009      0.000      0.991      0.000      0.000      3.000 11603195827.
     0.000      0.000      0.000      1.000      0.000      0.000      0.000      0.000      0.006      0.000      0.004      0.000      0.989      5.000 11603180815.
     0.000      0.000      0.000      1.000      0.000      0.000      0.000      0.000      0.006      0.000      0.004      0.000      0.989      5.000 11603160382.
     0.000      1.000      0.000      0.000      0.000      1.000      0.000      0.000      0.187      0.000      0.813      0.000      0.000      3.000 11603149825.
     0.000      0.000      0.000      1.000      1.000      0.000      0.000      0.000      0.024      0.970      0.006      0.000      0.000      2.000 11603149647.
     0.000      1.000      1.000      1.000      1.000      1.000      0.000      0.000      0.729      0.054      0.216      0.000      0.000      1.000 11603149472.
     0.000      0.000      0.000      1.000      0.000      0.000      0.000      0.000      0.006      0.000      0.004      0.000      0.989      5.000 11603144797.
     0.000      0.000      0.000      0.000      0.000      0.000      0.000      1.000      0.000      0.000      0.000      1.000      0.000      4.000 11603142599.
     0.000      0.000      0.000      1.000      0.000      0.000      0.000      0.000      0.006      0.000      0.004      0.000      0.989      5.000 11603135597.
     0.000      0.000      0.000      1.000      0.000      0.000      0.000      0.000      0.006      0.000      0.004      0.000      0.989      5.000 11603131329.
     0.000      0.000      0.000      0.000      0.000      0.000      0.000      1.000      0.000      0.000      0.000      1.000      0.000      4.000 11603130877.
     0.000      0.000      0.000      1.000      0.000      0.000      0.000      0.000      0.006      0.000      0.004      0.000      0.989      5.000 11603123934.
     0.000      0.000      0.000      0.000      1.000      0.000      0.000      0.000      0.010      0.947      0.044      0.000      0.000      2.000 11603110896.
     0.000      0.000      0.000      1.000      0.000      0.000      0.000      0.000      0.006      0.000      0.004      0.000      0.989      5.000 11603109482.
     1.000      0.000      1.000      1.000      0.000      0.000      0.000      0.000      0.931      0.000      0.038      0.000      0.031      1.000 11603098936.
     0.000      0.000      0.000      1.000      0.000      0.000      0.000      0.000      0.006      0.000      0.004      0.000      0.989      5.000 11603079293.
     0.000      0.000      0.000      1.000      0.000      0.000      0.000      0.000      0.006      0.000      0.004      0.000      0.989      5.000 11603050413.
     0.000      0.000      0.000      0.000      0.000      1.000      0.000      0.000      0.034      0.000      0.966      0.000      0.000      3.000 11603047814.
     0.000      0.000      0.000      1.000      0.000      0.000      0.000      0.000      0.006      0.000      0.004      0.000      0.989      5.000 11603037705.
     0.000      0.000      0.000      1.000      0.000      0.000      0.000      0.000      0.006      0.000      0.004      0.000      0.989      5.000 11603023529.
     0.000      0.000      0.000      1.000      0.000      0.000      0.000      0.000      0.006      0.000      0.004      0.000      0.989      5.000 11602989465.
     0.000      0.000      0.000      1.000      0.000      0.000      0.000      0.000      0.006      0.000      0.004      0.000      0.989      5.000 11602943971.
     0.000      0.000      0.000      1.000      0.000      0.000      0.000      0.000      0.006      0.000      0.004      0.000      0.989      5.000 11602941288.
     0.000      0.000      0.000      0.000      0.000      0.000      0.000      1.000      0.000      0.000      0.000      1.000      0.000      4.000 11602939044.
     0.000      0.000      0.000      1.000      0.000      0.000      0.000      0.000      0.006      0.000      0.004      0.000      0.989      5.000 11602938427.
     0.000      0.000      0.000      0.000      0.000      1.000      0.000      0.000      0.034      0.000      0.966      0.000      0.000      3.000 11602938398.
     0.000      0.000      0.000      1.000      0.000      0.000      0.000      0.000      0.006      0.000      0.004      0.000      0.989      5.000 11602936989.
     0.000      0.000      0.000      1.000      0.000      0.000      0.000      0.000      0.006      0.000      0.004      0.000      0.989      5.000 11602936101.
     0.000      0.000      0.000      1.000      0.000      0.000      0.000      0.000      0.006      0.000      0.004      0.000      0.989      5.000 11602934068.
     0.000      0.000      0.000      1.000      0.000      0.000      0.000      0.000      0.006      0.000      0.004      0.000      0.989      5.000 11602932884.
     0.000      0.000      1.000      0.000      0.000      0.000      0.000      0.000      0.020      0.000      0.980      0.000      0.000      3.000 11602923459.
     0.000      1.000      0.000      1.000      1.000      1.000      0.000      0.000      0.627      0.324      0.049      0.000      0.000      1.000 11602922929.
     0.000      0.000      1.000      1.000      0.000      0.000      0.000      0.000      0.079      0.000      0.198      0.000      0.724      5.000 11602916064.
     0.000      0.000      0.000      1.000      0.000      0.000      0.000      0.000      0.006      0.000      0.004      0.000      0.989      5.000 11602914408.
     0.000      0.000      1.000      0.000      0.000      1.000      0.000      0.000      0.009      0.000      0.991      0.000      0.000      3.000 11602913717.
     0.000      0.000      0.000      1.000      0.000      0.000      0.000      0.000      0.006      0.000      0.004      0.000      0.989      5.000 11602913221.
     0.000      0.000      1.000      0.000      0.000      0.000      0.000      0.000      0.020      0.000      0.980      0.000      0.000      3.000 11602910417.
     0.000      0.000      0.000      1.000      0.000      0.000      0.000      0.000      0.006      0.000      0.004      0.000      0.989      5.000 11602909149.
     1.000      1.000      1.000      1.000      0.000      1.000      0.000      0.000      0.987      0.000      0.013      0.000      0.000      1.000 11602906516.
     0.000      0.000      0.000      1.000      0.000      0.000      0.000      0.000      0.006      0.000      0.004      0.000      0.989      5.000 11602904145.
     0.000      0.000      0.000      1.000      0.000      0.000      0.000      0.000      0.006      0.000      0.004      0.000      0.989      5.000 11602893239.
     0.000      0.000      0.000      0.000      0.000      0.000      0.000      1.000      0.000      0.000      0.000      1.000      0.000      4.000 11602892608.
     1.000      0.000      0.000      1.000      0.000      0.000      0.000      0.000      0.635      0.000      0.007      0.000      0.358      1.000 11602176974.
     0.000      0.000      0.000      1.000      0.000      0.000      0.000      0.000      0.006      0.000      0.004      0.000      0.989      5.000 11601619311.
     0.000      0.000      0.000      1.000      0.000      0.000      0.000      0.000      0.006      0.000      0.004      0.000      0.989      5.000 11601515844.
     0.000      0.000      0.000      1.000      0.000      0.000      0.000      0.000      0.006      0.000      0.004      0.000      0.989      5.000 11601446411.
     0.000      1.000      1.000      1.000      0.000      1.000      0.000      1.000      1.000      0.000      0.000      0.000      0.000      1.000 11601178888.
     0.000      0.000      1.000      1.000      0.000      0.000      0.000      0.000      0.079      0.000      0.198      0.000      0.724      5.000 11600927895.
     0.000      0.000      0.000      1.000      0.000      0.000      0.000      0.000      0.006      0.000      0.004      0.000      0.989      5.000 11600839847.
     0.000      0.000      0.000      1.000      0.000      0.000      0.000      0.000      0.006      0.000      0.004      0.000      0.989      5.000 11600807185.
     0.000      0.000      1.000      1.000      0.000      0.000      0.000      0.000      0.079      0.000      0.198      0.000      0.724      5.000 11600690310.
     0.000      0.000      0.000      1.000      0.000      0.000      0.000      0.000      0.006      0.000      0.004      0.000      0.989      5.000 11600574058.
     0.000      1.000      1.000      1.000      0.000      0.000      0.000      0.000      0.707      0.000      0.270      0.000      0.023      1.000 11600403985.
     0.000      0.000      0.000      0.000      1.000      0.000      0.000      0.000      0.010      0.947      0.044      0.000      0.000      2.000 11600078920.
     0.000      0.000      0.000      1.000      1.000      0.000      0.000      0.000      0.024      0.970      0.006      0.000      0.000      2.000 11600028356.
     0.000      0.000      0.000      1.000      0.000      0.000      0.000      0.000      0.006      0.000      0.004      0.000      0.989      5.000 11599854059.
     0.000      0.000      0.000      1.000      0.000      0.000      0.000      0.000      0.006      0.000      0.004      0.000      0.989      5.000 11599816872.
     0.000      0.000      0.000      0.000      1.000      0.000      0.000      0.000      0.010      0.947      0.044      0.000      0.000      2.000 11599754920.
     0.000      0.000      0.000      1.000      0.000      0.000      0.000      0.000      0.006      0.000      0.004      0.000      0.989      5.000 11599737336.
     1.000      1.000      0.000      0.000      0.000      0.000      0.000      0.000      0.969      0.000      0.031      0.000      0.000      1.000 11599720672.
     0.000      0.000      0.000      1.000      0.000      0.000      0.000      0.000      0.006      0.000      0.004      0.000      0.989      5.000 11599662960.
     0.000      0.000      0.000      1.000      0.000      0.000      0.000      0.000      0.006      0.000      0.004      0.000      0.989      5.000 11599657346.
     0.000      0.000      0.000      1.000      0.000      0.000      0.000      0.000      0.006      0.000      0.004      0.000      0.989      5.000 11599620412.
     0.000      0.000      0.000      1.000      0.000      0.000      0.000      0.000      0.006      0.000      0.004      0.000      0.989      5.000 11599619560.
     0.000      0.000      0.000      0.000      0.000      0.000      0.000      1.000      0.000      0.000      0.000      1.000      0.000      4.000 11599598420.
     0.000      0.000      0.000      1.000      0.000      0.000      0.000      0.000      0.006      0.000      0.004      0.000      0.989      5.000 11599546426.
     0.000      0.000      0.000      1.000      0.000      0.000      0.000      0.000      0.006      0.000      0.004      0.000      0.989      5.000 11599542099.
     0.000      0.000      0.000      1.000      0.000      0.000      0.000      0.000      0.006      0.000      0.004      0.000      0.989      5.000 11599455301.
     0.000      0.000      0.000      1.000      0.000      0.000      0.000      0.000      0.006      0.000      0.004      0.000      0.989      5.000 11599435316.
     0.000      0.000      0.000      1.000      0.000      0.000      0.000      0.000      0.006      0.000      0.004      0.000      0.989      5.000 11599429460.
     0.000      0.000      0.000      1.000      0.000      0.000      0.000      0.000      0.006      0.000      0.004      0.000      0.989      5.000 11599414365.
     0.000      0.000      0.000      1.000      0.000      0.000      0.000      0.000      0.006      0.000      0.004      0.000      0.989      5.000 11599402283.
     0.000      0.000      0.000      1.000      0.000      0.000      0.000      0.000      0.006      0.000      0.004      0.000      0.989      5.000 11599395636.
     0.000      0.000      0.000      1.000      0.000      0.000      0.000      0.000      0.006      0.000      0.004      0.000      0.989      5.000 11599384013.
     1.000      0.000      0.000      1.000      0.000      0.000      0.000      0.000      0.635      0.000      0.007      0.000      0.358      1.000 11599377978.
     0.000      0.000      0.000      0.000      0.000      0.000      0.000      1.000      0.000      0.000      0.000      1.000      0.000      4.000 11599370553.
     0.000      0.000      0.000      1.000      0.000      0.000      0.000      0.000      0.006      0.000      0.004      0.000      0.989      5.000 11599356920.
     0.000      0.000      0.000      1.000      0.000      0.000      0.000      0.000      0.006      0.000      0.004      0.000      0.989      5.000 11599349099.
     0.000      0.000      0.000      1.000      0.000      0.000      0.000      0.000      0.006      0.000      0.004      0.000      0.989      5.000 11599344032.
     0.000      0.000      0.000      1.000      0.000      0.000      0.000      0.000      0.006      0.000      0.004      0.000      0.989      5.000 11599303002.
     0.000      0.000      0.000      1.000      1.000      0.000      0.000      0.000      0.024      0.970      0.006      0.000      0.000      2.000 11599302744.
     0.000      0.000      0.000      1.000      0.000      0.000      0.000      0.000      0.006      0.000      0.004      0.000      0.989      5.000 11599298808.
     0.000      0.000      0.000      1.000      1.000      0.000      0.000      0.000      0.024      0.970      0.006      0.000      0.000      2.000 11599293693.
     0.000      0.000      0.000      1.000      1.000      0.000      0.000      0.000      0.024      0.970      0.006      0.000      0.000      2.000 11599280867.
     0.000      0.000      0.000      1.000      0.000      0.000      0.000      0.000      0.006      0.000      0.004      0.000      0.989      5.000 11599269436.
     0.000      0.000      0.000      1.000      0.000      0.000      0.000      0.000      0.006      0.000      0.004      0.000      0.989      5.000 11599267729.
     0.000      0.000      0.000      1.000      0.000      0.000      0.000      0.000      0.006      0.000      0.004      0.000      0.989      5.000 11599266121.
     0.000      0.000      0.000      1.000      0.000      0.000      0.000      0.000      0.006      0.000      0.004      0.000      0.989      5.000 11599264239.
     0.000      0.000      0.000      1.000      0.000      0.000      0.000      0.000      0.006      0.000      0.004      0.000      0.989      5.000 11599264176.
     0.000      0.000      0.000      1.000      0.000      0.000      0.000      0.000      0.006      0.000      0.004      0.000      0.989      5.000 11599262756.
     0.000      0.000      1.000      1.000      0.000      0.000      0.000      0.000      0.079      0.000      0.198      0.000      0.724      5.000 11599250813.
     0.000      0.000      0.000      1.000      0.000      0.000      0.000      0.000      0.006      0.000      0.004      0.000      0.989      5.000 11599245768.
     0.000      0.000      0.000      1.000      0.000      0.000      0.000      0.000      0.006      0.000      0.004      0.000      0.989      5.000 11599224322.
     0.000      0.000      0.000      1.000      0.000      0.000      0.000      0.000      0.006      0.000      0.004      0.000      0.989      5.000 11599219431.
     0.000      0.000      0.000      1.000      0.000      0.000      0.000      0.000      0.006      0.000      0.004      0.000      0.989      5.000 11599217906.
     0.000      0.000      0.000      1.000      0.000      0.000      0.000      0.000      0.006      0.000      0.004      0.000      0.989      5.000 11599212347.
     0.000      0.000      0.000      1.000      0.000      0.000      0.000      0.000      0.006      0.000      0.004      0.000      0.989      5.000 11599195807.
     0.000      0.000      0.000      1.000      0.000      0.000      0.000      0.000      0.006      0.000      0.004      0.000      0.989      5.000 11599190932.
     0.000      0.000      0.000      1.000      0.000      0.000      0.000      0.000      0.006      0.000      0.004      0.000      0.989      5.000 11599188667.
     0.000      0.000      0.000      1.000      0.000      0.000      0.000      0.000      0.006      0.000      0.004      0.000      0.989      5.000 11599186456.
     0.000      0.000      1.000      1.000      0.000      1.000      0.000      0.000      0.143      0.000      0.793      0.000      0.064      3.000 11599184790.
     0.000      0.000      0.000      1.000      0.000      0.000      0.000      0.000      0.006      0.000      0.004      0.000      0.989      5.000 11599183550.
     0.000      0.000      0.000      1.000      1.000      0.000      0.000      0.000      0.024      0.970      0.006      0.000      0.000      2.000 11599181801.
     0.000      0.000      0.000      1.000      0.000      0.000      0.000      0.000      0.006      0.000      0.004      0.000      0.989      5.000 11599170928.
     0.000      1.000      0.000      1.000      1.000      1.000      0.000      0.000      0.627      0.324      0.049      0.000      0.000      1.000 11599163543.
     0.000      0.000      0.000      1.000      0.000      0.000      0.000      0.000      0.006      0.000      0.004      0.000      0.989      5.000 11599163029.
     0.000      0.000      0.000      1.000      0.000      0.000      0.000      0.000      0.006      0.000      0.004      0.000      0.989      5.000 11599156225.
     1.000      0.000      1.000      1.000      1.000      1.000      0.000      0.000      0.969      0.000      0.031      0.000      0.000      1.000 11599151446.
     0.000      0.000      0.000      1.000      0.000      0.000      0.000      0.000      0.006      0.000      0.004      0.000      0.989      5.000 11599147125.
     0.000      1.000      1.000      0.000      0.000      0.000      0.000      0.000      0.118      0.000      0.882      0.000      0.000      3.000 11599141045.
     0.000      0.000      0.000      1.000      0.000      0.000      0.000      0.000      0.006      0.000      0.004      0.000      0.989      5.000 11599124370.
     0.000      0.000      0.000      1.000      0.000      0.000      0.000      0.000      0.006      0.000      0.004      0.000      0.989      5.000 11599122609.
     0.000      0.000      0.000      1.000      1.000      0.000      0.000      0.000      0.024      0.970      0.006      0.000      0.000      2.000 11599120457.
     0.000      0.000      0.000      1.000      0.000      0.000      0.000      0.000      0.006      0.000      0.004      0.000      0.989      5.000 11599118521.
     1.000      1.000      0.000      1.000      1.000      1.000      0.000      0.000      0.999      0.000      0.001      0.000      0.000      1.000 11599116151.
     0.000      1.000      1.000      0.000      0.000      0.000      0.000      0.000      0.118      0.000      0.882      0.000      0.000      3.000 11599111966.
     0.000      0.000      1.000      1.000      0.000      1.000      0.000      0.000      0.143      0.000      0.793      0.000      0.064      3.000 11599109323.
     0.000      0.000      0.000      1.000      0.000      0.000      0.000      0.000      0.006      0.000      0.004      0.000      0.989      5.000 11599107316.
     0.000      0.000      0.000      1.000      0.000      0.000      0.000      0.000      0.006      0.000      0.004      0.000      0.989      5.000 11599104032.
     0.000      0.000      0.000      1.000      0.000      0.000      0.000      0.000      0.006      0.000      0.004      0.000      0.989      5.000 11599094411.
     0.000      0.000      0.000      1.000      0.000      0.000      0.000      0.000      0.006      0.000      0.004      0.000      0.989      5.000 11599093441.
     0.000      1.000      0.000      1.000      0.000      0.000      0.000      0.000      0.604      0.000      0.061      0.000      0.335      1.000 11599092623.
     0.000      0.000      0.000      1.000      0.000      0.000      1.000      0.000      0.000      0.000      0.026      0.000      0.974      5.000 11599073101.
     0.000      0.000      0.000      1.000      0.000      0.000      0.000      0.000      0.006      0.000      0.004      0.000      0.989      5.000 11599070452.
     0.000      0.000      0.000      0.000      1.000      0.000      0.000      0.000      0.010      0.947      0.044      0.000      0.000      2.000 11599068761.
     0.000      1.000      1.000      0.000      0.000      0.000      0.000      0.000      0.118      0.000      0.882      0.000      0.000      3.000 11599062012.
     0.000      0.000      0.000      1.000      0.000      0.000      0.000      0.000      0.006      0.000      0.004      0.000      0.989      5.000 11599059062.
     0.000      0.000      0.000      1.000      0.000      0.000      0.000      0.000      0.006      0.000      0.004      0.000      0.989      5.000 11599057344.
     0.000      0.000      0.000      0.000      0.000      0.000      1.000      0.000      0.000      0.000      1.000      0.000      0.000      3.000 11599053658.
     0.000      0.000      1.000      0.000      0.000      0.000      0.000      0.000      0.020      0.000      0.980      0.000      0.000      3.000 11599048924.
     0.000      0.000      0.000      1.000      0.000      0.000      0.000      0.000      0.006      0.000      0.004      0.000      0.989      5.000 11599047718.
     0.000      0.000      0.000      0.000      0.000      1.000      0.000      0.000      0.034      0.000      0.966      0.000      0.000      3.000 11599046607.
     0.000      0.000      0.000      1.000      0.000      0.000      0.000      0.000      0.006      0.000      0.004      0.000      0.989      5.000 11599031899.
     0.000      0.000      0.000      1.000      0.000      0.000      0.000      0.000      0.006      0.000      0.004      0.000      0.989      5.000 11599028714.
     0.000      0.000      0.000      1.000      0.000      0.000      0.000      0.000      0.006      0.000      0.004      0.000      0.989      5.000 11599024178.
     0.000      0.000      0.000      1.000      0.000      0.000      0.000      0.000      0.006      0.000      0.004      0.000      0.989      5.000 11599022892.
     0.000      0.000      0.000      1.000      0.000      0.000      0.000      0.000      0.006      0.000      0.004      0.000      0.989      5.000 11599001814.
     0.000      1.000      0.000      1.000      1.000      0.000      0.000      0.000      0.561      0.419      0.020      0.000      0.000      1.000 11598992337.
     0.000      0.000      0.000      0.000      0.000      0.000      0.000      1.000      0.000      0.000      0.000      1.000      0.000      4.000 11598990624.
     0.000      0.000      0.000      1.000      0.000      0.000      0.000      0.000      0.006      0.000      0.004      0.000      0.989      5.000 11598982758.
     1.000      1.000      0.000      1.000      0.000      0.000      0.000      0.000      0.996      0.000      0.002      0.000      0.002      1.000 11598954982.
     0.000      0.000      0.000      1.000      0.000      1.000      0.000      0.000      0.099      0.000      0.146      0.000      0.755      5.000 11598952708.
     0.000      0.000      0.000      1.000      0.000      0.000      0.000      0.000      0.006      0.000      0.004      0.000      0.989      5.000 11598940898.
     1.000      1.000      0.000      0.000      0.000      1.000      0.000      0.000      0.934      0.000      0.066      0.000      0.000      1.000 11598919813.
     0.000      0.000      0.000      1.000      0.000      0.000      0.000      0.000      0.006      0.000      0.004      0.000      0.989      5.000 11598902197.
     0.000      0.000      0.000      0.000      1.000      1.000      0.000      0.000      0.013      0.860      0.127      0.000      0.000      2.000 11598891219.
     0.000      0.000      0.000      1.000      0.000      0.000      0.000      0.000      0.006      0.000      0.004      0.000      0.989      5.000 11598863653.
     0.000      0.000      0.000      0.000      0.000      0.000      0.000      1.000      0.000      0.000      0.000      1.000      0.000      4.000 11598859049.
     0.000      0.000      0.000      1.000      0.000      0.000      0.000      0.000      0.006      0.000      0.004      0.000      0.989      5.000 11598857814.
     0.000      0.000      0.000      1.000      0.000      0.000      0.000      0.000      0.006      0.000      0.004      0.000      0.989      5.000 11598852560.
     0.000      0.000      0.000      1.000      0.000      0.000      0.000      0.000      0.006      0.000      0.004      0.000      0.989      5.000 11598847564.
     1.000      1.000      0.000      1.000      1.000      1.000      0.000      0.000      0.999      0.000      0.001      0.000      0.000      1.000 11598839919.
     0.000      0.000      0.000      1.000      0.000      0.000      0.000      0.000      0.006      0.000      0.004      0.000      0.989      5.000 11598835715.
     0.000      0.000      1.000      0.000      0.000      1.000      0.000      0.000      0.009      0.000      0.991      0.000      0.000      3.000 11598835610.
     0.000      0.000      0.000      1.000      0.000      0.000      0.000      0.000      0.006      0.000      0.004      0.000      0.989      5.000 11598831949.
     0.000      0.000      0.000      0.000      1.000      0.000      0.000      0.000      0.010      0.947      0.044      0.000      0.000      2.000 11598831621.
     0.000      0.000      0.000      1.000      0.000      0.000      0.000      0.000      0.006      0.000      0.004      0.000      0.989      5.000 11598822231.
     0.000      0.000      0.000      1.000      0.000      0.000      0.000      0.000      0.006      0.000      0.004      0.000      0.989      5.000 11598817790.
     0.000      0.000      0.000      0.000      0.000      1.000      0.000      0.000      0.034      0.000      0.966      0.000      0.000      3.000 11598812123.
     0.000      1.000      0.000      0.000      0.000      0.000      0.000      0.000      0.337      0.000      0.663      0.000      0.000      3.000 11598809977.
     0.000      0.000      0.000      1.000      0.000      0.000      0.000      0.000      0.006      0.000      0.004      0.000      0.989      5.000 11598803295.
     0.000      0.000      0.000      0.000      0.000      0.000      0.000      1.000      0.000      0.000      0.000      1.000      0.000      4.000 11598800786.
     0.000      1.000      1.000      0.000      0.000      0.000      0.000      0.000      0.118      0.000      0.882      0.000      0.000      3.000 11598788276.
     0.000      0.000      0.000      1.000      0.000      0.000      0.000      0.000      0.006      0.000      0.004      0.000      0.989      5.000 11598774867.
     0.000      0.000      0.000      1.000      0.000      0.000      0.000      0.000      0.006      0.000      0.004      0.000      0.989      5.000 11598773085.
     0.000      0.000      0.000      1.000      0.000      0.000      0.000      0.000      0.006      0.000      0.004      0.000      0.989      5.000 11598768352.
     0.000      0.000      0.000      1.000      0.000      0.000      0.000      0.000      0.006      0.000      0.004      0.000      0.989      5.000 11598765765.
     0.000      0.000      0.000      1.000      0.000      0.000      0.000      0.000      0.006      0.000      0.004      0.000      0.989      5.000 11598758321.
     0.000      1.000      0.000      0.000      0.000      0.000      0.000      0.000      0.337      0.000      0.663      0.000      0.000      3.000 11598753518.
     0.000      1.000      0.000      1.000      0.000      0.000      0.000      0.000      0.604      0.000      0.061      0.000      0.335      1.000 11598752692.
     0.000      0.000      0.000      1.000      0.000      0.000      0.000      0.000      0.006      0.000      0.004      0.000      0.989      5.000 11598751354.
     0.000      0.000      0.000      1.000      0.000      0.000      0.000      0.000      0.006      0.000      0.004      0.000      0.989      5.000 11598746281.
     1.000      1.000      1.000      1.000      0.000      0.000      0.000      0.000      0.994      0.000      0.006      0.000      0.000      1.000 11598729640.
     0.000      0.000      0.000      1.000      0.000      0.000      0.000      0.000      0.006      0.000      0.004      0.000      0.989      5.000 11598713193.
     0.000      0.000      0.000      0.000      0.000      0.000      0.000      1.000      0.000      0.000      0.000      1.000      0.000      4.000 11598668755.
     0.000      0.000      0.000      1.000      0.000      1.000      0.000      0.000      0.099      0.000      0.146      0.000      0.755      5.000 11598660170.
     0.000      0.000      0.000      1.000      0.000      0.000      0.000      0.000      0.006      0.000      0.004      0.000      0.989      5.000 11598648633.
     0.000      0.000      0.000      1.000      0.000      0.000      0.000      0.000      0.006      0.000      0.004      0.000      0.989      5.000 11598634052.
     0.000      0.000      0.000      0.000      0.000      0.000      0.000      1.000      0.000      0.000      0.000      1.000      0.000      4.000 11598630654.
     0.000      0.000      0.000      1.000      0.000      0.000      0.000      0.000      0.006      0.000      0.004      0.000      0.989      5.000 11598627908.
     0.000      0.000      1.000      1.000      1.000      0.000      0.000      0.000      0.129      0.757      0.115      0.000      0.000      2.000 11598594096.
     1.000      1.000      1.000      1.000      0.000      0.000      0.000      0.000      0.994      0.000      0.006      0.000      0.000      1.000 11598593648.
     0.000      0.000      0.000      1.000      0.000      0.000      0.000      0.000      0.006      0.000      0.004      0.000      0.989      5.000 11598583370.
     0.000      0.000      0.000      1.000      0.000      0.000      0.000      0.000      0.006      0.000      0.004      0.000      0.989      5.000 11598576888.
     0.000      0.000      1.000      1.000      0.000      0.000      0.000      0.000      0.079      0.000      0.198      0.000      0.724      5.000 11598576236.
     0.000      0.000      0.000      0.000      1.000      0.000      0.000      0.000      0.010      0.947      0.044      0.000      0.000      2.000 11598572493.
     0.000      0.000      0.000      1.000      0.000      0.000      0.000      0.000      0.006      0.000      0.004      0.000      0.989      5.000 11598553769.
     0.000      0.000      0.000      0.000      0.000      1.000      0.000      0.000      0.034      0.000      0.966      0.000      0.000      3.000 11598553490.
     0.000      0.000      0.000      1.000      0.000      1.000      0.000      0.000      0.099      0.000      0.146      0.000      0.755      5.000 11598553146.
     0.000      0.000      0.000      0.000      1.000      0.000      0.000      0.000      0.010      0.947      0.044      0.000      0.000      2.000 11598549833.
     0.000      0.000      1.000      0.000      0.000      0.000      0.000      0.000      0.020      0.000      0.980      0.000      0.000      3.000 11598549163.
     0.000      0.000      0.000      0.000      1.000      1.000      0.000      0.000      0.013      0.860      0.127      0.000      0.000      2.000 11598538251.
     0.000      0.000      0.000      1.000      1.000      1.000      0.000      0.000      0.034      0.949      0.018      0.000      0.000      2.000 11598528641.
     0.000      0.000      0.000      1.000      0.000      0.000      0.000      0.000      0.006      0.000      0.004      0.000      0.989      5.000 11598526141.
     0.000      0.000      0.000      1.000      0.000      0.000      0.000      0.000      0.006      0.000      0.004      0.000      0.989      5.000 11598519885.
     0.000      0.000      0.000      1.000      0.000      0.000      0.000      0.000      0.006      0.000      0.004      0.000      0.989      5.000 11598509716.
     0.000      0.000      0.000      1.000      1.000      0.000      0.000      0.000      0.024      0.970      0.006      0.000      0.000      2.000 11598508027.
     0.000      0.000      0.000      0.000      1.000      0.000      0.000      0.000      0.010      0.947      0.044      0.000      0.000      2.000 11598507914.
     0.000      0.000      0.000      0.000      1.000      0.000      0.000      0.000      0.010      0.947      0.044      0.000      0.000      2.000 11598479661.
     0.000      0.000      0.000      1.000      0.000      0.000      0.000      0.000      0.006      0.000      0.004      0.000      0.989      5.000 11598469959.
     0.000      0.000      1.000      1.000      0.000      1.000      0.000      0.000      0.143      0.000      0.793      0.000      0.064      3.000 11598468310.
     0.000      0.000      0.000      1.000      0.000      0.000      0.000      0.000      0.006      0.000      0.004      0.000      0.989      5.000 11598467355.
     0.000      0.000      0.000      1.000      0.000      0.000      0.000      0.000      0.006      0.000      0.004      0.000      0.989      5.000 11598454861.
     0.000      0.000      0.000      0.000      0.000      1.000      0.000      0.000      0.034      0.000      0.966      0.000      0.000      3.000 11598453713.
     0.000      0.000      0.000      1.000      0.000      1.000      0.000      0.000      0.099      0.000      0.146      0.000      0.755      5.000 11598449809.
     1.000      1.000      0.000      1.000      0.000      0.000      0.000      0.000      0.996      0.000      0.002      0.000      0.002      1.000 11598445646.
     0.000      0.000      0.000      1.000      0.000      0.000      0.000      0.000      0.006      0.000      0.004      0.000      0.989      5.000 11598437180.
     0.000      0.000      0.000      1.000      0.000      1.000      0.000      0.000      0.099      0.000      0.146      0.000      0.755      5.000 11598436332.
     0.000      0.000      1.000      1.000      0.000      0.000      0.000      0.000      0.079      0.000      0.198      0.000      0.724      5.000 11598430416.
     0.000      0.000      0.000      0.000      1.000      0.000      0.000      1.000      0.003      0.000      0.000      0.997      0.000      4.000 11598427567.
     0.000      0.000      0.000      1.000      0.000      0.000      0.000      0.000      0.006      0.000      0.004      0.000      0.989      5.000 11598427561.
     0.000      0.000      0.000      1.000      0.000      1.000      0.000      0.000      0.099      0.000      0.146      0.000      0.755      5.000 11598425398.
     0.000      0.000      0.000      1.000      0.000      0.000      0.000      0.000      0.006      0.000      0.004      0.000      0.989      5.000 11598414693.
     0.000      0.000      0.000      1.000      0.000      0.000      0.000      0.000      0.006      0.000      0.004      0.000      0.989      5.000 11598409415.
     0.000      0.000      0.000      1.000      0.000      0.000      0.000      0.000      0.006      0.000      0.004      0.000      0.989      5.000 11598403373.
     0.000      0.000      0.000      0.000      1.000      0.000      0.000      0.000      0.010      0.947      0.044      0.000      0.000      2.000 11598402662.
     0.000      0.000      0.000      1.000      0.000      0.000      0.000      0.000      0.006      0.000      0.004      0.000      0.989      5.000 11598391870.
     0.000      0.000      0.000      1.000      0.000      0.000      0.000      0.000      0.006      0.000      0.004      0.000      0.989      5.000 11598379128.
     0.000      0.000      0.000      1.000      0.000      0.000      0.000      0.000      0.006      0.000      0.004      0.000      0.989      5.000 11598375159.
     0.000      0.000      0.000      1.000      0.000      0.000      0.000      0.000      0.006      0.000      0.004      0.000      0.989      5.000 11598340457.
     0.000      0.000      0.000      1.000      0.000      0.000      0.000      0.000      0.006      0.000      0.004      0.000      0.989      5.000 11598331229.
     0.000      0.000      0.000      1.000      0.000      0.000      0.000      0.000      0.006      0.000      0.004      0.000      0.989      5.000 11598322020.
     0.000      0.000      0.000      1.000      0.000      0.000      0.000      0.000      0.006      0.000      0.004      0.000      0.989      5.000 11598315735.
     0.000      0.000      0.000      1.000      0.000      0.000      0.000      0.000      0.006      0.000      0.004      0.000      0.989      5.000 11598313080.
     0.000      0.000      0.000      1.000      0.000      0.000      0.000      0.000      0.006      0.000      0.004      0.000      0.989      5.000 11598307721.
     0.000      0.000      0.000      1.000      0.000      0.000      0.000      0.000      0.006      0.000      0.004      0.000      0.989      5.000 11598297790.
     0.000      0.000      0.000      1.000      0.000      1.000      0.000      0.000      0.099      0.000      0.146      0.000      0.755      5.000 11598267455.
     0.000      0.000      0.000      1.000      0.000      0.000      0.000      0.000      0.006      0.000      0.004      0.000      0.989      5.000 11598260455.
     0.000      1.000      0.000      1.000      0.000      0.000      0.000      0.000      0.604      0.000      0.061      0.000      0.335      1.000 11598209429.
     0.000      0.000      0.000      1.000      0.000      0.000      0.000      0.000      0.006      0.000      0.004      0.000      0.989      5.000 11598200769.
     0.000      1.000      1.000      1.000      0.000      0.000      0.000      0.000      0.707      0.000      0.270      0.000      0.023      1.000 11598200581.
     0.000      0.000      1.000      0.000      0.000      1.000      0.000      0.000      0.009      0.000      0.991      0.000      0.000      3.000 11598199336.
     0.000      0.000      0.000      1.000      0.000      0.000      0.000      0.000      0.006      0.000      0.004      0.000      0.989      5.000 11598194185.
     0.000      0.000      0.000      0.000      0.000      0.000      0.000      1.000      0.000      0.000      0.000      1.000      0.000      4.000 11598188089.
     0.000      0.000      1.000      1.000      0.000      0.000      0.000      0.000      0.079      0.000      0.198      0.000      0.724      5.000 11598186396.
     0.000      0.000      0.000      1.000      0.000      0.000      0.000      0.000      0.006      0.000      0.004      0.000      0.989      5.000 11598177030.
     0.000      0.000      0.000      0.000      0.000      1.000      0.000      0.000      0.034      0.000      0.966      0.000      0.000      3.000 11598173739.
     0.000      0.000      0.000      1.000      0.000      0.000      0.000      0.000      0.006      0.000      0.004      0.000      0.989      5.000 11598168234.
     0.000      0.000      0.000      1.000      0.000      0.000      0.000      1.000      0.015      0.000      0.000      0.985      0.000      4.000 11598162687.
     0.000      0.000      0.000      1.000      0.000      0.000      0.000      0.000      0.006      0.000      0.004      0.000      0.989      5.000 11598159723.
     1.000      0.000      1.000      0.000      0.000      0.000      0.000      0.000      0.556      0.000      0.444      0.000      0.000      1.000 11598158945.
     1.000      1.000      0.000      0.000      1.000      0.000      0.000      0.000      0.989      0.000      0.011      0.000      0.000      1.000 11598151482.
     0.000      0.000      0.000      1.000      0.000      0.000      0.000      0.000      0.006      0.000      0.004      0.000      0.989      5.000 11598145469.
     0.000      0.000      0.000      1.000      0.000      0.000      0.000      0.000      0.006      0.000      0.004      0.000      0.989      5.000 11598145103.
     0.000      0.000      0.000      1.000      0.000      0.000      0.000      0.000      0.006      0.000      0.004      0.000      0.989      5.000 11598143828.
     0.000      1.000      0.000      0.000      0.000      1.000      0.000      0.000      0.187      0.000      0.813      0.000      0.000      3.000 11598134132.
     1.000      1.000      0.000      1.000      0.000      0.000      0.000      0.000      0.996      0.000      0.002      0.000      0.002      1.000 11598130753.
     0.000      0.000      0.000      1.000      0.000      0.000      0.000      0.000      0.006      0.000      0.004      0.000      0.989      5.000 11598122192.
     0.000      0.000      1.000      0.000      0.000      0.000      0.000      0.000      0.020      0.000      0.980      0.000      0.000      3.000 11598096300.
     0.000      0.000      0.000      1.000      0.000      0.000      0.000      1.000      0.015      0.000      0.000      0.985      0.000      4.000 11598095921.
     0.000      0.000      0.000      1.000      0.000      0.000      0.000      0.000      0.006      0.000      0.004      0.000      0.989      5.000 11598088963.
     0.000      0.000      0.000      1.000      0.000      0.000      0.000      0.000      0.006      0.000      0.004      0.000      0.989      5.000 11598085903.
     0.000      0.000      0.000      1.000      0.000      0.000      0.000      0.000      0.006      0.000      0.004      0.000      0.989      5.000 11598084404.
     0.000      0.000      0.000      1.000      0.000      0.000      0.000      0.000      0.006      0.000      0.004      0.000      0.989      5.000 11598082157.
     0.000      0.000      1.000      0.000      0.000      1.000      0.000      0.000      0.009      0.000      0.991      0.000      0.000      3.000 11598081538.
     0.000      0.000      1.000      0.000      0.000      1.000      0.000      0.000      0.009      0.000      0.991      0.000      0.000      3.000 11598079927.
     0.000      0.000      0.000      0.000      0.000      0.000      0.000      1.000      0.000      0.000      0.000      1.000      0.000      4.000 11598074518.
     0.000      0.000      0.000      1.000      0.000      0.000      0.000      0.000      0.006      0.000      0.004      0.000      0.989      5.000 11598071144.
     0.000      0.000      0.000      1.000      0.000      0.000      0.000      0.000      0.006      0.000      0.004      0.000      0.989      5.000 11598068780.
     0.000      0.000      0.000      1.000      1.000      1.000      0.000      0.000      0.034      0.949      0.018      0.000      0.000      2.000 11598064602.
     0.000      0.000      0.000      1.000      0.000      0.000      0.000      0.000      0.006      0.000      0.004      0.000      0.989      5.000 11598060981.
     0.000      0.000      0.000      1.000      0.000      0.000      0.000      0.000      0.006      0.000      0.004      0.000      0.989      5.000 11598060679.
     0.000      0.000      0.000      1.000      0.000      0.000      0.000      0.000      0.006      0.000      0.004      0.000      0.989      5.000 11598056711.
     0.000      1.000      0.000      1.000      0.000      1.000      0.000      0.000      0.800      0.000      0.178      0.000      0.022      1.000 11598052159.
     0.000      0.000      0.000      1.000      0.000      0.000      0.000      0.000      0.006      0.000      0.004      0.000      0.989      5.000 11598050914.
     0.000      0.000      0.000      1.000      0.000      0.000      0.000      0.000      0.006      0.000      0.004      0.000      0.989      5.000 11598049514.
     0.000      0.000      0.000      1.000      0.000      0.000      0.000      0.000      0.006      0.000      0.004      0.000      0.989      5.000 11598049198.
     0.000      0.000      0.000      1.000      1.000      0.000      0.000      0.000      0.024      0.970      0.006      0.000      0.000      2.000 11598034407.
     0.000      0.000      0.000      1.000      0.000      0.000      0.000      0.000      0.006      0.000      0.004      0.000      0.989      5.000 11598022431.
     0.000      0.000      0.000      1.000      0.000      0.000      0.000      0.000      0.006      0.000      0.004      0.000      0.989      5.000 11598019932.
     0.000      0.000      0.000      1.000      0.000      0.000      0.000      0.000      0.006      0.000      0.004      0.000      0.989      5.000 11598015901.
     0.000      0.000      0.000      1.000      0.000      0.000      0.000      0.000      0.006      0.000      0.004      0.000      0.989      5.000 11598014815.
     0.000      0.000      0.000      1.000      0.000      0.000      0.000      0.000      0.006      0.000      0.004      0.000      0.989      5.000 11598013419.
     0.000      0.000      0.000      1.000      0.000      0.000      0.000      0.000      0.006      0.000      0.004      0.000      0.989      5.000 11598001930.
     0.000      0.000      0.000      1.000      0.000      0.000      0.000      0.000      0.006      0.000      0.004      0.000      0.989      5.000 11597986762.
     0.000      0.000      0.000      1.000      0.000      0.000      0.000      0.000      0.006      0.000      0.004      0.000      0.989      5.000 11597981221.
     0.000      0.000      0.000      0.000      0.000      0.000      0.000      1.000      0.000      0.000      0.000      1.000      0.000      4.000 11597955922.
     0.000      0.000      0.000      0.000      0.000      0.000      0.000      1.000      0.000      0.000      0.000      1.000      0.000      4.000 11597950138.
     0.000      0.000      0.000      1.000      0.000      0.000      0.000      0.000      0.006      0.000      0.004      0.000      0.989      5.000 11597947492.
     0.000      0.000      0.000      1.000      0.000      0.000      0.000      0.000      0.006      0.000      0.004      0.000      0.989      5.000 11597946729.
     0.000      0.000      1.000      1.000      0.000      1.000      0.000      0.000      0.143      0.000      0.793      0.000      0.064      3.000 11597940612.
     0.000      0.000      0.000      1.000      0.000      0.000      0.000      0.000      0.006      0.000      0.004      0.000      0.989      5.000 11597937379.
     0.000      0.000      0.000      1.000      0.000      0.000      0.000      0.000      0.006      0.000      0.004      0.000      0.989      5.000 11592592910.
     0.000      1.000      1.000      0.000      1.000      1.000      0.000      0.000      0.143      0.026      0.831      0.000      0.000      3.000 11592522417.
     0.000      0.000      0.000      1.000      0.000      0.000      0.000      0.000      0.006      0.000      0.004      0.000      0.989      5.000 11592519129.
     0.000      0.000      0.000      1.000      0.000      0.000      0.000      0.000      0.006      0.000      0.004      0.000      0.989      5.000 11592502768.
     0.000      0.000      0.000      1.000      0.000      0.000      0.000      0.000      0.006      0.000      0.004      0.000      0.989      5.000 11592483731.
     0.000      0.000      0.000      1.000      0.000      0.000      0.000      0.000      0.006      0.000      0.004      0.000      0.989      5.000 11592476180.
     0.000      0.000      0.000      1.000      0.000      0.000      0.000      0.000      0.006      0.000      0.004      0.000      0.989      5.000 11592308027.
     0.000      0.000      0.000      0.000      0.000      0.000      0.000      1.000      0.000      0.000      0.000      1.000      0.000      4.000 11592259464.
     0.000      0.000      0.000      1.000      1.000      1.000      0.000      0.000      0.034      0.949      0.018      0.000      0.000      2.000 11592258744.
     0.000      0.000      0.000      1.000      0.000      0.000      0.000      0.000      0.006      0.000      0.004      0.000      0.989      5.000 11592231514.
     0.000      0.000      0.000      1.000      0.000      0.000      0.000      0.000      0.006      0.000      0.004      0.000      0.989      5.000 11592201873.
     0.000      0.000      0.000      1.000      0.000      0.000      0.000      0.000      0.006      0.000      0.004      0.000      0.989      5.000 11592132552.
     0.000      0.000      0.000      1.000      0.000      0.000      0.000      0.000      0.006      0.000      0.004      0.000      0.989      5.000 11592082770.
     0.000      0.000      0.000      0.000      1.000      0.000      0.000      0.000      0.010      0.947      0.044      0.000      0.000      2.000 11592063632.
     0.000      0.000      0.000      1.000      0.000      0.000      0.000      0.000      0.006      0.000      0.004      0.000      0.989      5.000 11591970322.
     0.000      0.000      0.000      1.000      0.000      0.000      0.000      0.000      0.006      0.000      0.004      0.000      0.989      5.000 11591915325.
     0.000      0.000      0.000      1.000      0.000      0.000      0.000      0.000      0.006      0.000      0.004      0.000      0.989      5.000 11591879214.
     0.000      0.000      0.000      1.000      0.000      0.000      0.000      0.000      0.006      0.000      0.004      0.000      0.989      5.000 11591792943.
     0.000      0.000      0.000      1.000      1.000      1.000      0.000      0.000      0.034      0.949      0.018      0.000      0.000      2.000 11591555407.
     0.000      0.000      1.000      0.000      0.000      0.000      0.000      0.000      0.020      0.000      0.980      0.000      0.000      3.000 11591500258.
     0.000      0.000      0.000      1.000      0.000      1.000      0.000      0.000      0.099      0.000      0.146      0.000      0.755      5.000 11590885944.
     0.000      0.000      0.000      1.000      0.000      0.000      0.000      0.000      0.006      0.000      0.004      0.000      0.989      5.000 11590663660.
